 1.0000000000  0.9462912116  0.6362938078  0.6462762150  0.4618368450  0.9598716198  0.5508790761  0.3107776444  0.4611581481  0.3840842571  0.7832423335  0.2755187072  0.2820921674  0.4090302379  0.5046064374  0.5508186987  0.1288899611 -0.3029770593  0.1426597336  0.3153809377  0.4890757770 -0.1728360893  0.5139641179  0.5033609341  0.4734898023  0.6100206925  0.2327136922  0.2277515507  0.4964417974 -0.2187184208  0.5524474609  0.5747694429  0.4027307061  0.1892488485 -0.9053998706 -0.3629507069 -0.0124044048 -0.0075419982  0.7704270487  0.5908431486 -0.1308843739 -0.4310614612
 0.9462912116  1.0000000000  0.4853851424  0.7046883170  0.3783355407  0.8948744339  0.5853585871  0.2174417921  0.3821781095  0.3255561229  0.7535027252  0.0789679007  0.1597221556  0.3871570736  0.2815134646  0.4977754022  0.1915168999 -0.2303304060  0.1694906751  0.2499510723  0.4761586469 -0.2238130224  0.3716496026  0.4952039218  0.4423743604  0.5765187288  0.1526150660  0.1882152595  0.3827198983 -0.2937304390  0.5472543859  0.6010145392  0.4335165125  0.2672923178 -0.8315900229 -0.4058820024 -0.0775935641 -0.0131168246  0.7911404021  0.6412531366 -0.1686353479 -0.4398653081
 0.6362938078  0.4853851424  1.0000000000  0.5096823216  0.5997691015  0.6655049535  0.5732911626  0.4905722101  0.5178292981  0.6006951501  0.4638616173  0.5213381337  0.3854822032  0.5188038138  0.7166098823  0.5060064024 -0.3112978464 -0.2987457485 -0.3122260172  0.3440320927  0.2313315755 -0.3563941611  0.5215302608  0.4403409189  0.2253524639  0.6160356334  0.1665588797  0.3116068337  0.5347560800 -0.2028172878  0.3351163122  0.3091976914  0.2632569203 -0.1431121435 -0.6124774359 -0.4565774678 -0.1763156371 -0.0407159548  0.5573320591  0.4594779917 -0.2263598310 -0.0784674985
 0.6462762150  0.7046883170  0.5096823216  1.0000000000  0.4828101179  0.6105893512  0.9001001993  0.3308561817  0.2132605346  0.1887828816  0.5257070091 -0.0304814001  0.1989636502  0.7633278938  0.2261912623  0.4256227518 -0.3484874635 -0.4527073207 -0.3724300414 -0.1257886001 -0.0698629300 -0.6116508336  0.2393916223  0.4286451991  0.1138233594  0.5988616193 -0.1029487778  0.2306993393  0.1622971258 -0.4182570255  0.2232017195  0.2701358392  0.1521552494 -0.2398568924 -0.4657699521 -0.6141239018 -0.4764549595 -0.0749913179  0.6066482852  0.5361599363 -0.4793916726  0.0666759178
 0.4618368450  0.3783355407  0.5997691015  0.4828101179  1.0000000000  0.5933857996  0.6066249093  0.2106018374  0.5530699407  0.4713774111  0.6262289226  0.5357217423  0.6474276355  0.5795515885  0.6395353254  0.6467546667 -0.5364707379 -0.4503152641 -0.3219253151  0.2606378509  0.0993885561 -0.1503286693  0.6755269386  0.7288303187  0.4718078294  0.7300222636  0.5140208456  0.4247209555  0.6798750578  0.1718667318  0.5151584855  0.5421934456  0.3270713219  0.1172868472 -0.3547397336 -0.1955138915  0.0383160282  0.0019162960  0.6107712406  0.6118371161  0.0463044217 -0.1540581911
 0.9598716198  0.8948744339  0.6655049535  0.6105893512  0.5933857996  1.0000000000  0.5417333111  0.2482016849  0.5243481732  0.4395916272  0.8589130474  0.4275495183  0.4352682594  0.4488822199  0.5951373564  0.6060021373  0.0744782478 -0.3179905469  0.1375634708  0.2926883431  0.4591480274 -0.0877970222  0.6570195452  0.5960897157  0.5948088413  0.6809631894  0.3930413841  0.2896557762  0.6130399497 -0.1180694003  0.6151657808  0.6329912467  0.3490221354  0.2038626862 -0.8969839395 -0.3115886408  0.0407014473 -0.0024701153  0.8234681188  0.6360544120 -0.1043441099 -0.4456930361
 0.5508790761  0.5853585871  0.5732911626  0.9001001993  0.6066249093  0.5417333111  1.0000000000  0.4160909472  0.2839623991  0.3802591402  0.4363379759  0.0571289444  0.2305190146  0.8971506098  0.3228354738  0.6377946609 -0.5469987836 -0.5216412291 -0.6005292840 -0.0677875942 -0.2075487360 -0.6991705972  0.2852978709  0.5088125433  0.0793783111  0.6688853645 -0.0536551896  0.5263114656  0.2544106707 -0.4109354561  0.2258008408  0.2912555812  0.2318420720 -0.3360217040 -0.4113545936 -0.7199307537 -0.5817128283 -0.0742520898  0.5822479362  0.6483282702 -0.5224713311  0.2373609032
 0.3107776444  0.2174417921  0.4905722101  0.3308561817  0.2106018374  0.2482016849  0.4160909472  1.0000000000  0.5011570362  0.4967916625  0.1902952772  0.2369968379 -0.1003445475  0.3867657668  0.3720292086  0.2867997571 -0.3627669748 -0.0906067428 -0.3630971073  0.4264775841  0.1566959339 -0.4367436464  0.0501385727  0.0485189510 -0.1869655693  0.2016451111 -0.1742752871  0.3381441089  0.1397515962 -0.5843675892 -0.0357705456  0.0204404683  0.3571864883 -0.1718626738 -0.3238215089 -0.4615933261 -0.3801600634 -0.0200884761  0.1024393958  0.1842112663 -0.4237537954  0.0401514554
 0.4611581481  0.3821781095  0.5178292981  0.2132605346  0.5530699407  0.5243481732  0.2839623991  0.5011570362  1.0000000000  0.7116860417  0.6260862921  0.6246272429  0.3461220317  0.2983610515  0.5355772226  0.5357608063 -0.1330087828  0.0907220519 -0.0058505191  0.6197939622  0.5093908087 -0.0579385708  0.5929560296  0.5213336740  0.4957410103  0.5746727242  0.4677039568  0.3800264910  0.6686527838 -0.1970097610  0.6165248725  0.6308052803  0.5861500787  0.3547806921 -0.6060193386 -0.1208282446  0.0812797964  0.0163476014  0.5424183248  0.6095651426 -0.1672680385 -0.4104564885
 0.3840842571  0.3255561229  0.6006951501  0.1887828816  0.4713774111  0.4395916272  0.3802591402  0.4967916625  0.7116860417  1.0000000000  0.3404119310  0.4130172685  0.1976749189  0.4305423997  0.5155298314  0.6495288875 -0.2260636255 -0.0110163129 -0.2755170996  0.5661294946  0.3620295852 -0.2845144512  0.4327284685  0.5045332146  0.2906761615  0.5726120999  0.2071383243  0.5662752271  0.6108767975 -0.1839336963  0.5105386538  0.5199653207  0.5977099705  0.1032519031 -0.5343529160 -0.4121523922 -0.1973769630 -0.0365119960  0.4563776016  0.6152792194 -0.1251250881 -0.0915964385
 0.7832423335  0.7535027252  0.4638616173  0.5257070091  0.6262289226  0.8589130474  0.4363379759  0.1902952772  0.6260862921  0.3404119310  1.0000000000  0.5563746476  0.5826827632  0.3543952822  0.5016997719  0.5009923517  0.0537123767 -0.1268639576  0.2667854494  0.2580773365  0.4564209078  0.0675465630  0.7218659654  0.6325197847  0.7380771878  0.6400760839  0.6092803040  0.1932214828  0.6272514811 -0.0807525410  0.6695203148  0.7163037196  0.3068261447  0.4007797247 -0.7214236545 -0.1111135459  0.1956678869  0.0254237478  0.7866300792  0.6217678359 -0.0677570366 -0.6338451690
 0.2755187072  0.0789679007  0.5213381337 -0.0304814001  0.5357217423  0.4275495183  0.0571289444  0.2369968379  0.6246272429  0.4130172685  0.5563746476  1.0000000000  0.7115317130  0.1722180673  0.7795578890  0.3478270629 -0.2241869841 -0.0372472156  0.0369686474  0.2591109504  0.1798608447  0.1652199111  0.7967777776  0.4417406851  0.5588664730  0.4102223676  0.7181967458  0.2513830488  0.6907096416  0.1819771512  0.4236387663  0.3491134396  0.0154146756  0.1304889849 -0.3934974842  0.0780723440  0.2534690426  0.0465396507  0.3504017691  0.2396235012  0.0638567388 -0.3463987712
 0.2820921674  0.1597221556  0.3854822032  0.1989636502  0.6474276355  0.4352682594  0.2305190146 -0.1003445475  0.3461220317  0.1976749189  0.5826827632  0.7115317130  1.0000000000  0.3207596397  0.6470850242  0.4159512599 -0.3309428734 -0.1768305585 -0.0346932228  0.0005550373  0.0118229076  0.1234781593  0.8349909072  0.6881239828  0.6989430755  0.6098620435  0.6947070881  0.1883680737  0.6357672834  0.3622093926  0.5066445623  0.4911484108 -0.0114842658  0.1140536391 -0.2687401130  0.0147295940  0.2543287943  0.0392910112  0.5211430881  0.4099488557  0.1836082820 -0.2928023189
 0.4090302379  0.3871570736  0.5188038138  0.7633278938  0.5795515885  0.4488822199  0.8971506098  0.3867657668  0.2983610515  0.4305423997  0.3543952822  0.1722180673  0.3207596397  1.0000000000  0.4551107644  0.7287405294 -0.6200481615 -0.5383169532 -0.6909128906 -0.1936066755 -0.3381767249 -0.6444831330  0.3944599096  0.5344381338  0.1244026506  0.6760193548  0.0414932616  0.6890791502  0.3586570332 -0.2914705411  0.2489626011  0.2739497859  0.1107259132 -0.4870735613 -0.3738655231 -0.6996017241 -0.6300242660 -0.0539250170  0.4727045261  0.6093871397 -0.5384252047  0.3822589300
 0.5046064374  0.2815134646  0.7166098823  0.2261912623  0.6395353254  0.5951373564  0.3228354738  0.3720292086  0.5355772226  0.5155298314  0.5016997719  0.7795578890  0.6470850242  0.4551107644  1.0000000000  0.5950549677 -0.3623665325 -0.3724721645 -0.2196780956  0.2094266913  0.1515260059 -0.0979806264  0.7878937987  0.5849916667  0.4008749556  0.6205746128  0.4478980965  0.3826497937  0.7913417324  0.1140252501  0.4519029151  0.3740021078  0.1514057611 -0.0876892341 -0.5672003285 -0.2796426213 -0.0459701681  0.0078819897  0.4230066207  0.3723448923 -0.0263396501 -0.1360215214
 0.5508186987  0.4977754022  0.5060064024  0.4256227518  0.6467546667  0.6060021373  0.6377946609  0.2867997571  0.5357608063  0.6495288875  0.5009923517  0.3478270629  0.4159512599  0.7287405294  0.5950549677  1.0000000000 -0.3352913801 -0.3869730663 -0.3466098666  0.2329778527  0.0781253295 -0.2515223096  0.6169269846  0.7348700143  0.4688927818  0.7530139529  0.3810044169  0.8540135661  0.6956938676 -0.0484120933  0.6151314736  0.6702331665  0.4742901540 -0.0097783678 -0.5782952819 -0.4968825652 -0.2311608152 -0.0082265804  0.6471185373  0.8260628890 -0.1644900874 -0.0156794959
 0.1288899611  0.1915168999 -0.3112978464 -0.3484874635 -0.5364707379  0.0744782478 -0.5469987836 -0.3627669748 -0.1330087828 -0.2260636255  0.0537123767 -0.2241869841 -0.3309428734 -0.6200481615 -0.3623665325 -0.3352913801  1.0000000000  0.4687399894  0.8559426070  0.1183468933  0.5247912322  0.5556229091 -0.2195229274 -0.3639011932  0.1661586710 -0.4094921065  0.0196671279 -0.3811763247 -0.1571447937  0.0012545867  0.0874514841  0.0726599406 -0.0245647085  0.4577523917 -0.2133989699  0.3707886002  0.4146369360  0.0619628902 -0.0508638205 -0.2091760432  0.2153121332 -0.4876875218
-0.3029770593 -0.2303304060 -0.2987457485 -0.4527073207 -0.4503152641 -0.3179905469 -0.5216412291 -0.0906067428  0.0907220519 -0.0110163129 -0.1268639576 -0.0372472156 -0.1768305585 -0.5383169532 -0.3724721645 -0.3869730663  0.4687399894  1.0000000000  0.5210265359  0.2551724585  0.3594471595  0.3521532856 -0.2180130274 -0.3088232047  0.0919311581 -0.3428977011  0.0644277517 -0.3347760400 -0.1231830558 -0.0970610829  0.0824620781  0.1004511684  0.1035821634  0.4998678441  0.1475128191  0.2618971503  0.3439373029  0.1099151310 -0.1770091192 -0.1333862454  0.1565206976 -0.4194849733
 0.1426597336  0.1694906751 -0.3122260172 -0.3724300414 -0.3219253151  0.1375634708 -0.6005292840 -0.3630971073 -0.0058505191 -0.2755170996  0.2667854494  0.0369686474 -0.0346932228 -0.6909128906 -0.2196780956 -0.3466098666  0.8559426070  0.5210265359  1.0000000000  0.2016596915  0.6255001657  0.7599031471  0.0341413317 -0.1998976311  0.4232947567 -0.3191912491  0.3410441932 -0.4847168286  0.0108504318  0.2298774763  0.2448670360  0.2278026615 -0.0421003088  0.6986640125 -0.1550533120  0.5879596665  0.7149229702  0.0986014592  0.0644571555 -0.1828357235  0.4508483207 -0.7737750338
 0.3153809377  0.2499510723  0.3440320927 -0.1257886001  0.2606378509  0.2926883431 -0.0677875942  0.4264775841  0.6197939622  0.5661294946  0.2580773365  0.2591109504  0.0005550373 -0.1936066755  0.2094266913  0.2329778527  0.1183468933  0.2551724585  0.2016596915  1.0000000000  0.7526993130  0.1459203268  0.1462863177  0.2030217741  0.2038392158  0.1711286843  0.2018764965  0.1214728897  0.3499643538 -0.0936928394  0.3638214738  0.4160969563  0.7762032103  0.5764550720 -0.3596897373  0.0906248859  0.3745189729  0.0636860281  0.2733088976  0.2936805084  0.2701142307 -0.5036460171
 0.4890757770  0.4761586469  0.2313315755 -0.0698629300  0.0993885561  0.4591480274 -0.2075487360  0.1566959339  0.5093908087  0.3620295852  0.4564209078  0.1798608447  0.0118229076 -0.3381767249  0.1515260059  0.0781253295  0.5247912322  0.3594471595  0.6255001657  0.7526993130  1.0000000000  0.3894411567  0.2089057008  0.1978549433  0.4562901263  0.1484730089  0.3071277174 -0.1795749993  0.3921069774  0.0111558771  0.5533638341  0.5546881481  0.5736274321  0.7687995087 -0.5134295088  0.1944548496  0.5177151417  0.0882032060  0.3952761195  0.2600715473  0.3630269869 -0.8182917018
-0.1728360893 -0.2238130224 -0.3563941611 -0.6116508336 -0.1503286693 -0.0877970222 -0.6991705972 -0.4367436464 -0.0579385708 -0.2845144512  0.0675465630  0.1652199111  0.1234781593 -0.6444831330 -0.0979806264 -0.2515223096  0.5556229091  0.3521532856  0.7599031471  0.1459203268  0.3894411567  1.0000000000  0.0793332070 -0.2102627036  0.3912850742 -0.3694336452  0.5017829698 -0.2796557043  0.1208754568  0.5662216710  0.1347003945  0.1267502384 -0.1940365945  0.5484822325  0.1494264878  0.8072418386  0.8449593243  0.1416513102 -0.1094996450 -0.2770777836  0.6218658027 -0.5215937786
 0.5139641179  0.3716496026  0.5215302608  0.2393916223  0.6755269386  0.6570195452  0.2852978709  0.0501385727  0.5929560296  0.4327284685  0.7218659654  0.7967777776  0.8349909072  0.3944599096  0.7878937987  0.6169269846 -0.2195229274 -0.2180130274  0.0341413317  0.1462863177  0.2089057008  0.0793332070  1.0000000000  0.7884458255  0.7901915388  0.7549295232  0.7282995384  0.3448707344  0.8053100330  0.2394069702  0.7134275434  0.6502194517  0.1723789141  0.1613397976 -0.5847533497 -0.0927251881  0.1656056247  0.0132387975  0.6747961622  0.5897704488  0.0418327110 -0.3830561102
 0.5033609341  0.4952039218  0.4403409189  0.4286451991  0.7288303187  0.5960897157  0.5088125433  0.0485189510  0.5213336740  0.5045332146  0.6325197847  0.4417406851  0.6881239828  0.5344381338  0.5849916667  0.7348700143 -0.3639011932 -0.3088232047 -0.1998976311  0.2030217741  0.1978549433 -0.2102627036  0.7884458255  1.0000000000  0.6704760945  0.9058091311  0.5184479918  0.4408564512  0.7471629680  0.1032716582  0.7603177832  0.7695574025  0.4883184108  0.2276541309 -0.5077127296 -0.3482745964 -0.0651128520  0.0091034692  0.7576344313  0.8226121409  0.0006296371 -0.2815232454
 0.4734898023  0.4423743604  0.2253524639  0.1138233594  0.4718078294  0.5948088413  0.0793783111 -0.1869655693  0.4957410103  0.2906761615  0.7380771878  0.5588664730  0.6989430755  0.1244026506  0.4008749556  0.4688927818  0.1661586710  0.0919311581  0.4232947567  0.2038392158  0.4562901263  0.3912850742  0.7901915388  0.6704760945  1.0000000000  0.5735915234  0.8594810181  0.2232172147  0.6959028234  0.3333226871  0.8464782939  0.8347743900  0.2036259254  0.5427685618 -0.5042562138  0.1487535238  0.4751178516  0.0817289618  0.7315432622  0.6115414033  0.2837075329 -0.6758284293
 0.6100206925  0.5765187288  0.6160356334  0.5988616193  0.7300222636  0.6809631894  0.6688853645  0.2016451111  0.5746727242  0.5726120999  0.6400760839  0.4102223676  0.6098620435  0.6760193548  0.6205746128  0.7530139529 -0.4094921065 -0.3428977011 -0.3191912491  0.1711286843  0.1484730089 -0.3694336452  0.7549295232  0.9058091311  0.5735915234  1.0000000000  0.3592687454  0.4649592978  0.6973604697 -0.1069781253  0.7008625102  0.7248987408  0.4554117468  0.0295956709 -0.6261271975 -0.5147495675 -0.2238753151 -0.0327208892  0.8446675011  0.8749217316 -0.2493819704 -0.1436783037
 0.2327136922  0.1526150660  0.1665588797 -0.1029487778  0.5140208456  0.3930413841 -0.0536551896 -0.1742752871  0.4677039568  0.2071383243  0.6092803040  0.7181967458  0.6947070881  0.0414932616  0.4478980965  0.3810044169  0.0196671279  0.0644277517  0.3410441932  0.2018764965  0.3071277174  0.5017829698  0.7282995384  0.5184479918  0.8594810181  0.3592687454  1.0000000000  0.2693657578  0.7092042095  0.4832933306  0.6914886542  0.6489559872  0.0642501828  0.5141344456 -0.2662245853  0.3288764921  0.5839072954  0.1368160118  0.4702827222  0.3807721310  0.3998819373 -0.5836755746
 0.2277515507  0.1882152595  0.3116068337  0.2306993393  0.4247209555  0.2896557762  0.5263114656  0.3381441089  0.3800264910  0.5662752271  0.1932214828  0.2513830488  0.1883680737  0.6890791502  0.3826497937  0.8540135661 -0.3811763247 -0.3347760400 -0.4847168286  0.1214728897 -0.1795749993 -0.2796557043  0.3448707344  0.4408564512  0.2232172147  0.4649592978  0.2693657578  1.0000000000  0.4255051131 -0.1178027809  0.3059323135  0.3739173156  0.2711072242 -0.2296717566 -0.3123737022 -0.4734943143 -0.3423122675  0.0260376270  0.3570853366  0.5943797175 -0.2623535862  0.2653097538
 0.4964417974  0.3827198983  0.5347560800  0.1622971258  0.6798750578  0.6130399497  0.2544106707  0.1397515962  0.6686527838  0.6108767975  0.6272514811  0.6907096416  0.6357672834  0.3586570332  0.7913417324  0.6956938676 -0.1571447937 -0.1231830558  0.0108504318  0.3499643538  0.3921069774  0.1208754568  0.8053100330  0.7471629680  0.6959028234  0.6973604697  0.7092042095  0.4255051131  1.0000000000  0.2176920620  0.8288568852  0.7687847645  0.4128128263  0.3378565978 -0.5935445002 -0.1346895436  0.1620881891  0.0568541829  0.5972536139  0.6465556315  0.1426788540 -0.4009202413
-0.2187184208 -0.2937304390 -0.2028172878 -0.4182570255  0.1718667318 -0.1180694003 -0.4109354561 -0.5843675892 -0.1970097610 -0.1839336963 -0.0807525410  0.1819771512  0.3622093926 -0.2914705411  0.1140252501 -0.0484120933  0.0012545867 -0.0970610829  0.2298774763 -0.0936928394  0.0111558771  0.5662216710  0.2394069702  0.1032716582  0.3333226871 -0.1069781253  0.4832933306 -0.1178027809  0.2176920620  1.0000000000  0.1728354346  0.0855354473 -0.2644676299  0.2674193330  0.2986480510  0.5859714072  0.6250550027  0.0709540052 -0.0994194559 -0.2091345227  0.8227325548 -0.1612203851
 0.5524474609  0.5472543859  0.3351163122  0.2232017195  0.5151584855  0.6151657808  0.2258008408 -0.0357705456  0.6165248725  0.5105386538  0.6695203148  0.4236387663  0.5066445623  0.2489626011  0.4519029151  0.6151314736  0.0874514841  0.0824620781  0.2448670360  0.3638214738  0.5533638341  0.1347003945  0.7134275434  0.7603177832  0.8464782939  0.7008625102  0.6914886542  0.3059323135  0.8288568852  0.1728354346  1.0000000000  0.9451200381  0.5304785630  0.5721690153 -0.6173907124 -0.0959022989  0.2556072973  0.0749752082  0.7484806198  0.7818739996  0.1928462449 -0.5981546921
 0.5747694429  0.6010145392  0.3091976914  0.2701358392  0.5421934456  0.6329912467  0.2912555812  0.0204404683  0.6308052803  0.5199653207  0.7163037196  0.3491134396  0.4911484108  0.2739497859  0.3740021078  0.6702331665  0.0726599406  0.1004511684  0.2278026615  0.4160969563  0.5546881481  0.1267502384  0.6502194517  0.7695574025  0.8347743900  0.7248987408  0.6489559872  0.3739173156  0.7687847645  0.0855354473  0.9451200381  1.0000000000  0.6073933443  0.6097411400 -0.6010881752 -0.1362828394  0.2532270405  0.0614258013  0.8034338651  0.8569546809  0.1500449990 -0.6126716603
 0.4027307061  0.4335165125  0.2632569203  0.1521552494  0.3270713219  0.3490221354  0.2318420720  0.3571864883  0.5861500787  0.5977099705  0.3068261447  0.0154146756 -0.0114842658  0.1107259132  0.1514057611  0.4742901540 -0.0245647085  0.1035821634 -0.0421003088  0.7762032103  0.5736274321 -0.1940365945  0.1723789141  0.4883184108  0.2036259254  0.4554117468  0.0642501828  0.2711072242  0.4128128263 -0.2644676299  0.5304785630  0.6073933443  1.0000000000  0.4830311166 -0.4496727383 -0.2454557650  0.0001042974  0.0166425861  0.4051973638  0.6249072852  0.0186678874 -0.3385668649
 0.1892488485  0.2672923178 -0.1431121435 -0.2398568924  0.1172868472  0.2038626862 -0.3360217040 -0.1718626738  0.3547806921  0.1032519031  0.4007797247  0.1304889849  0.1140536391 -0.4870735613 -0.0876892341 -0.0097783678  0.4577523917  0.4998678441  0.6986640125  0.5764550720  0.7687995087  0.5484822325  0.1613397976  0.2276541309  0.5427685618  0.0295956709  0.5141344456 -0.2296717566  0.3378565978  0.2674193330  0.5721690153  0.6097411400  0.4830311166  1.0000000000 -0.1546388333  0.4184756325  0.7098531708  0.1159119685  0.2920279795  0.2387977728  0.5854753971 -0.8760793023
-0.9053998706 -0.8315900229 -0.6124774359 -0.4657699521 -0.3547397336 -0.8969839395 -0.4113545936 -0.3238215089 -0.6060193386 -0.5343529160 -0.7214236545 -0.3934974842 -0.2687401130 -0.3738655231 -0.5672003285 -0.5782952819 -0.2133989699  0.1475128191 -0.1550533120 -0.3596897373 -0.5134295088  0.1494264878 -0.5847533497 -0.5077127296 -0.5042562138 -0.6261271975 -0.2662245853 -0.3123737022 -0.5935445002  0.2986480510 -0.6173907124 -0.6010881752 -0.4496727383 -0.1546388333  1.0000000000  0.3632940934  0.0799129875 -0.0045530791 -0.7168401486 -0.6164675453  0.2605762483  0.3845600229
-0.3629507069 -0.4058820024 -0.4565774678 -0.6141239018 -0.1955138915 -0.3115886408 -0.7199307537 -0.4615933261 -0.1208282446 -0.4121523922 -0.1111135459  0.0780723440  0.0147295940 -0.6996017241 -0.2796426213 -0.4968825652  0.3707886002  0.2618971503  0.5879596665  0.0906248859  0.1944548496  0.8072418386 -0.0927251881 -0.3482745964  0.1487535238 -0.5147495675  0.3288764921 -0.4734943143 -0.1346895436  0.5859714072 -0.0959022989 -0.1362828394 -0.2454557650  0.4184756325  0.3632940934  1.0000000000  0.7943591876  0.0844156578 -0.3413273544 -0.4876501191  0.5880120906 -0.3232603403
-0.0124044048 -0.0775935641 -0.1763156371 -0.4764549595  0.0383160282  0.0407014473 -0.5817128283 -0.3801600634  0.0812797964 -0.1973769630  0.1956678869  0.2534690426  0.2543287943 -0.6300242660 -0.0459701681 -0.2311608152  0.4146369360  0.3439373029  0.7149229702  0.3745189729  0.5177151417  0.8449593243  0.1656056247 -0.0651128520  0.4751178516 -0.2238753151  0.5839072954 -0.3423122675  0.1620881891  0.6250550027  0.2556072973  0.2532270405  0.0001042974  0.7098531708  0.0799129875  0.7943591876  1.0000000000  0.1465799490  0.0641919464 -0.1656603645  0.7830713987 -0.6805424485
-0.0075419982 -0.0131168246 -0.0407159548 -0.0749913179  0.0019162960 -0.0024701153 -0.0742520898 -0.0200884761  0.0163476014 -0.0365119960  0.0254237478  0.0465396507  0.0392910112 -0.0539250170  0.0078819897 -0.0082265804  0.0619628902  0.1099151310  0.0986014592  0.0636860281  0.0882032060  0.1416513102  0.0132387975  0.0091034692  0.0817289618 -0.0327208892  0.1368160118  0.0260376270  0.0568541829  0.0709540052  0.0749752082  0.0614258013  0.0166425861  0.1159119685 -0.0045530791  0.0844156578  0.1465799490  1.0000000000  0.0155733760 -0.0077889301  0.1147535541 -0.1020342883
 0.7704270487  0.7911404021  0.5573320591  0.6066482852  0.6107712406  0.8234681188  0.5822479362  0.1024393958  0.5424183248  0.4563776016  0.7866300792  0.3504017691  0.5211430881  0.4727045261  0.4230066207  0.6471185373 -0.0508638205 -0.1770091192  0.0644571555  0.2733088976  0.3952761195 -0.1094996450  0.6747961622  0.7576344313  0.7315432622  0.8446675011  0.4702827222  0.3570853366  0.5972536139 -0.0994194559  0.7484806198  0.8034338651  0.4051973638  0.2920279795 -0.7168401486 -0.3413273544  0.0641919464  0.0155733760  1.0000000000  0.8541881376 -0.1068883782 -0.4475892319
 0.5908431486  0.6412531366  0.4594779917  0.5361599363  0.6118371161  0.6360544120  0.6483282702  0.1842112663  0.6095651426  0.6152792194  0.6217678359  0.2396235012  0.4099488557  0.6093871397  0.3723448923  0.8260628890 -0.2091760432 -0.1333862454 -0.1828357235  0.2936805084  0.2600715473 -0.2770777836  0.5897704488  0.8226121409  0.6115414033  0.8749217316  0.3807721310  0.5943797175  0.6465556315 -0.2091345227  0.7818739996  0.8569546809  0.6249072852  0.2387977728 -0.6164675453 -0.4876501191 -0.1656603645 -0.0077889301  0.8541881376  1.0000000000 -0.2296051935 -0.2422015043
-0.1308843739 -0.1686353479 -0.2263598310 -0.4793916726  0.0463044217 -0.1043441099 -0.5224713311 -0.4237537954 -0.1672680385 -0.1251250881 -0.0677570366  0.0638567388  0.1836082820 -0.5384252047 -0.0263396501 -0.1644900874  0.2153121332  0.1565206976  0.4508483207  0.2701142307  0.3630269869  0.6218658027  0.0418327110  0.0006296371  0.2837075329 -0.2493819704  0.3998819373 -0.2623535862  0.1426788540  0.8227325548  0.1928462449  0.1500449990  0.0186678874  0.5854753971  0.2605762483  0.5880120906  0.7830713987  0.1147535541 -0.1068883782 -0.2296051935  1.0000000000 -0.4502833605
-0.4310614612 -0.4398653081 -0.0784674985  0.0666759178 -0.1540581911 -0.4456930361  0.2373609032  0.0401514554 -0.4104564885 -0.0915964385 -0.6338451690 -0.3463987712 -0.2928023189  0.3822589300 -0.1360215214 -0.0156794959 -0.4876875218 -0.4194849733 -0.7737750338 -0.5036460171 -0.8182917018 -0.5215937786 -0.3830561102 -0.2815232454 -0.6758284293 -0.1436783037 -0.5836755746  0.2653097538 -0.4009202413 -0.1612203851 -0.5981546921 -0.6126716603 -0.3385668649 -0.8760793023  0.3845600229 -0.3232603403 -0.6805424485 -0.1020342883 -0.4475892319 -0.2422015043 -0.4502833605  1.0000000000
