 1.000000000  0.429395775  0.619395170  0.419794693  0.576211557  0.472123837  0.142090584  0.269428939  0.337330148 -0.017336332  0.114252963  0.390918389  0.395577827  0.073821574  0.031627112 -0.094568010 -0.319289794  0.027893477 -0.143718621 -0.002475853 -0.257328494  0.082608797  0.437893492  0.108640112  0.249636127 -0.086243842  0.342205291  0.070945330 -0.016976034 -0.267182140 -0.345528383 -0.264049270 -0.143397339 -0.206186927  0.074169892  0.028284577  0.031123803  0.111039507 -0.138174763 -0.386215316  0.396080951 -0.174933811
 0.429395775  1.000000000  0.540242813  0.629817127  0.239515812  0.666647480  0.506671427  0.260523284 -0.013307775  0.184252396  0.307544945  0.285156770  0.551793407  0.606708229  0.438069889  0.327561790 -0.333447055 -0.081985082 -0.255376479  0.176447715  0.168748101  0.045150947  0.229335815  0.247174986  0.327535896  0.180923826  0.400695264  0.159411161  0.210868149  0.053528348  0.041091547 -0.020414557  0.074197318  0.040785614  0.066746277  0.245095978  0.119186822 -0.082015843  0.139592325 -0.094020224  0.062571306  0.124883489
 0.619395170  0.540242813  1.000000000  0.672546442  0.313040356  0.509000633  0.370359967  0.143489613  0.210740227  0.232582225  0.268052659  0.057758270  0.377940113  0.258333480  0.147800574 -0.008276663 -0.657761643  0.236454358 -0.116736236  0.042290962  0.083412359  0.050753167  0.122810933  0.316155808  0.244561359 -0.034090327  0.459960946 -0.001847987  0.212199951 -0.093720578 -0.083155300 -0.175551821 -0.102549535 -0.124368707  0.283522305 -0.074257181 -0.058257882 -0.148241443  0.162094894 -0.084598722  0.287173696  0.071127001
 0.419794693  0.629817127  0.672546442  1.000000000  0.182150569  0.605787532  0.515871868  0.114045446  0.095823076  0.302852169  0.364685713  0.064778146  0.500090631  0.527392872  0.159132713  0.097137865 -0.538068964  0.226129227 -0.325553885  0.091226157  0.104266621 -0.068840285  0.115814724  0.192850805  0.175507064 -0.009537521  0.289033684  0.040862454  0.014042065 -0.111318745 -0.135048737 -0.262005381 -0.135519332 -0.179665127  0.151125489 -0.067448933 -0.258343282 -0.159623241  0.066337841 -0.132598501  0.089926566  0.122229341
 0.576211557  0.239515812  0.313040356  0.182150569  1.000000000  0.505045803  0.326275285  0.368549730  0.130205741  0.073996206 -0.098405126  0.414958808  0.321698266 -0.133766494 -0.093004956 -0.289737608 -0.393354235  0.097300627 -0.151358826  0.164479770 -0.175965756  0.191309123  0.083656486  0.178077827  0.338739538 -0.108641842  0.431530522 -0.008362075 -0.014314386 -0.229082545 -0.197895223 -0.128553799  0.074626706  0.016283808  0.020052963  0.015290213  0.137888721  0.185968854 -0.105059507 -0.421284493  0.448881092 -0.299175713
 0.472123837  0.666647480  0.509000633  0.605787532  0.505045803  1.000000000  0.651065012  0.463907531  0.013816474  0.221613016  0.208187278  0.448144108  0.455514369  0.594681575  0.386097566  0.156674320 -0.269375934  0.211607828 -0.075011417  0.314670809  0.055446278  0.249076109  0.108423669  0.305720213  0.277819650  0.187902389  0.404361855  0.246790124  0.112308524  0.055292030  0.110984828  0.079216614  0.233316243  0.155167426  0.031349725  0.115998833  0.045393374  0.047223767  0.183175843 -0.187534884  0.165071933 -0.030235321
 0.142090584  0.506671427  0.370359967  0.515871868  0.326275285  0.651065012  1.000000000  0.307613181  0.021695403  0.310003012  0.103843461  0.116513230  0.331023294  0.601795832  0.417637051  0.241809393 -0.289391461  0.098947957 -0.103684742  0.252890032  0.122671659  0.110387767 -0.110882371  0.269977251  0.161048785  0.169498452  0.208204535  0.185695441  0.230613567  0.193427454  0.297730968  0.077402132  0.205002600  0.216909500  0.257953368  0.055107480  0.083241985 -0.125846404  0.251662834 -0.171617653 -0.060555273  0.001048163
 0.269428939  0.260523284  0.143489613  0.114045446  0.368549730  0.463907531  0.307613181  1.000000000  0.168641835  0.501676270 -0.048473786  0.787813112  0.548414336  0.298106650  0.427553594  0.270449555 -0.095815043  0.456356874  0.159161580  0.741442134  0.275811237  0.593861216  0.525630112  0.744522710  0.744953016  0.529401779  0.213433395  0.539008397  0.249551104  0.363514787  0.396160679  0.372467715  0.623622717  0.669454779  0.071028205  0.430538008  0.297343111  0.013907207 -0.073920039 -0.094200851  0.296228230 -0.191166050
 0.337330148 -0.013307775  0.210740227  0.095823076  0.130205741  0.013816474  0.021695403  0.168641835  1.000000000  0.259922371  0.133386875  0.101121610  0.002454852  0.002616215 -0.058524240  0.047492611 -0.236517772 -0.031322009 -0.379257952  0.014992094 -0.269545574 -0.191733348  0.498002957  0.075012656  0.174763691 -0.115898043 -0.079663120 -0.010642132  0.377724698  0.075819215 -0.089353290 -0.148867987 -0.251286538 -0.140277162  0.183122485 -0.282859575  0.037047073 -0.045024741 -0.115495291 -0.144573583  0.176207966  0.031463861
-0.017336332  0.184252396  0.232582225  0.302852169  0.073996206  0.221613016  0.310003012  0.501676270  0.259922371  1.000000000  0.161834858  0.323670674  0.487040039  0.366140751  0.489032462  0.475118336 -0.396254552  0.367640320 -0.149491909  0.599801091  0.454438672  0.271063742  0.231010076  0.677385482  0.661316104  0.558663530  0.241850070  0.535141437  0.525565327  0.607547617  0.529242434  0.383737999  0.395516524  0.458377962  0.122284521  0.228184243  0.196533394 -0.160788447 -0.007292007  0.137636336  0.088205114  0.160919300
 0.114252963  0.307544945  0.268052659  0.364685713 -0.098405126  0.208187278  0.103843461 -0.048473786  0.133386875  0.161834858  1.000000000  0.042387064  0.198467639  0.279147729  0.078896639  0.170308214 -0.248539890  0.187668419 -0.269003833 -0.087672115 -0.020780827 -0.244433618  0.159174209  0.013864682  0.014688132  0.052498185  0.122387845 -0.062616847  0.049825878 -0.049573342 -0.112394957 -0.144531646 -0.168773900 -0.202093112 -0.047191577 -0.095053483 -0.297601245 -0.442528346  0.321956173  0.240723896 -0.152608003  0.624070289
 0.390918389  0.285156770  0.057758270  0.064778146  0.414958808  0.448144108  0.116513230  0.787813112  0.101121610  0.323670674  0.042387064  1.000000000  0.566143256  0.263755511  0.375313111  0.273936933  0.038411465  0.339005512  0.168686977  0.603787037  0.068592613  0.522007374  0.540242397  0.550965018  0.614809108  0.453034100  0.245377383  0.524224031  0.049192413  0.132380248  0.082595766  0.301201387  0.499413917  0.450892084 -0.180459023  0.466234682  0.198794037  0.182669946 -0.137943319 -0.220069621  0.235668215 -0.236812015
 0.395577827  0.551793407  0.377940113  0.500090631  0.321698266  0.455514369  0.331023294  0.548414336  0.002454852  0.487040039  0.198467639  0.566143256  1.000000000  0.399618088  0.474384157  0.409196258 -0.341899652  0.289931971 -0.109867064  0.352154949  0.199944601  0.236571527  0.459472100  0.573399488  0.635980489  0.473187568  0.382622995  0.449005087  0.174685518  0.153969071  0.099079591  0.092701574  0.312442309  0.253453254  0.008197757  0.381745647  0.038187990 -0.048000895 -0.094076514 -0.072408779  0.123919132  0.063646426
 0.073821574  0.606708229  0.258333480  0.527392872 -0.133766494  0.594681575  0.601795832  0.298106650  0.002616215  0.366140751  0.279147729  0.263755511  0.399618088  1.000000000  0.705144430  0.644973685 -0.019397549  0.068204810  0.070816951  0.406677773  0.326912154  0.182686878  0.134520448  0.338047806  0.252053153  0.433124974  0.171791610  0.517172676  0.268230136  0.400970352  0.365443943  0.305477502  0.303631371  0.304159488  0.066103466  0.304161982  0.161932197 -0.090463988  0.233798419  0.020916918 -0.129909634  0.108400849
 0.031627112  0.438069889  0.147800574  0.159132713 -0.093004956  0.386097566  0.417637051  0.427553594 -0.058524240  0.489032462  0.078896639  0.375313111  0.474384157  0.705144430  1.000000000  0.864463387  0.008856511  0.099341074  0.263345576  0.550196607  0.487250163  0.472793776  0.220013886  0.599636052  0.493651395  0.793675079  0.221934241  0.714057345  0.618362376  0.747595761  0.723911491  0.650089356  0.675084607  0.628714065  0.142098409  0.670120299  0.472888043 -0.025916079  0.235710104  0.147830515 -0.051423827  0.126223756
-0.094568010  0.327561790 -0.008276663  0.097137865 -0.289737608  0.156674320  0.241809393  0.270449555  0.047492611  0.475118336  0.170308214  0.273936933  0.409196258  0.644973685  0.864463387  1.000000000  0.061241039  0.099093257  0.133862783  0.354574198  0.356900625  0.238259031  0.272635020  0.461767733  0.403915831  0.750712325  0.139331069  0.694995356  0.587894711  0.730474000  0.606853803  0.532508113  0.469300002  0.424813233  0.045891030  0.508653151  0.273508106 -0.054811999  0.085359002  0.159590648 -0.267095866  0.148205002
-0.319289794 -0.333447055 -0.657761643 -0.538068964 -0.393354235 -0.269375934 -0.289391461 -0.095815043 -0.236517772 -0.396254552 -0.248539890  0.038411465 -0.341899652 -0.019397549  0.008856511  0.061241039  1.000000000 -0.302890311  0.456450253  0.005992750 -0.060069189  0.195357063 -0.131586904 -0.269910488 -0.273013524  0.128513294 -0.375983602  0.223324719 -0.317357539  0.107789953  0.106000375  0.345572707  0.177915065  0.217828434 -0.140469520  0.192189586  0.251981371  0.111239754 -0.182892115 -0.001966527 -0.132814841 -0.137783443
 0.027893477 -0.081985082  0.236454358  0.226129227  0.097300627  0.211607828  0.098947957  0.456356874 -0.031322009  0.367640320  0.187668419  0.339005512  0.289931971  0.068204810  0.099341074  0.099093257 -0.302890311  1.000000000  0.312630999  0.266382670  0.239949950  0.259319270  0.180783045  0.536965124  0.361225600  0.326393319  0.134110927  0.276018008  0.010699323  0.149771806  0.167249126  0.074173078  0.313503904  0.262331569 -0.068724762  0.043981846 -0.322737907  0.011497013 -0.002988846  0.079707387  0.089465454 -0.049314791
-0.143718621 -0.255376479 -0.116736236 -0.325553885 -0.151358826 -0.075011417 -0.103684742  0.159161580 -0.379257952 -0.149491909 -0.269003833  0.168686977 -0.109867064  0.070816951  0.263345576  0.133862783  0.456450253  0.312630999  1.000000000  0.249535277  0.356367614  0.564726545 -0.160088681  0.270107611  0.052558542  0.343679380 -0.018396539  0.414613175 -0.176574807  0.220449776  0.282014053  0.475724658  0.526641640  0.491884544 -0.062157685  0.390171990  0.304594295  0.142945109  0.096610664  0.186427805  0.079235135 -0.207016712
-0.002475853  0.176447715  0.042290962  0.091226157  0.164479770  0.314670809  0.252890032  0.741442134  0.014992094  0.599801091 -0.087672115  0.603787037  0.352154949  0.406677773  0.550196607  0.354574198  0.005992750  0.266382670  0.249535277  1.000000000  0.609140051  0.695562280  0.261262147  0.698926663  0.725317927  0.583680461  0.298140592  0.601034897  0.290735106  0.563052038  0.550082454  0.600341140  0.798989565  0.831482648  0.111415335  0.634807425  0.570339587  0.011207662  0.038517896  0.087402328  0.299512415 -0.108819949
-0.257328494  0.168748101  0.083412359  0.104266621 -0.175965756  0.055446278  0.122671659  0.275811237 -0.269545574  0.454438672 -0.020780827  0.068592613  0.199944601  0.326912154  0.487250163  0.356900625 -0.060069189  0.239949950  0.356367614  0.609140051  1.000000000  0.598485224 -0.080083706  0.591870290  0.472068014  0.567030751  0.126440471  0.468835392  0.281767917  0.595661175  0.621517061  0.605196639  0.620194701  0.687243162  0.120545649  0.599998864  0.490868171 -0.057043661  0.192957938  0.341895980  0.226472406  0.097039210
 0.082608797  0.045150947  0.050753167 -0.068840285  0.191309123  0.249076109  0.110387767  0.593861216 -0.191733348  0.271063742 -0.244433618  0.522007374  0.236571527  0.182686878  0.472793776  0.238259031  0.195357063  0.259319270  0.564726545  0.695562280  0.598485224  1.000000000  0.109926605  0.687267754  0.557078192  0.648439525  0.176508392  0.612953415  0.113682887  0.489382356  0.531125021  0.710603672  0.805444563  0.788390969  0.091555427  0.741940130  0.612296167  0.092755613  0.026429530 -0.007319379  0.493193368 -0.163975939
 0.437893492  0.229335815  0.122810933  0.115814724  0.083656486  0.108423669 -0.110882371  0.525630112  0.498002957  0.231010076  0.159174209  0.540242397  0.459472100  0.134520448  0.220013886  0.272635020 -0.131586904  0.180783045 -0.160088681  0.261262147 -0.080083706  0.109926605  1.000000000  0.364056299  0.476142650  0.257168522  0.057097307  0.202317027  0.247577177  0.093637988 -0.053695068 -0.063270596  0.076366056  0.097348658 -0.005854488  0.261774454 -0.012372328  0.020322065 -0.162707994 -0.130282354  0.214569775  0.022126108
 0.108640112  0.247174986  0.316155808  0.192850805  0.178077827  0.305720213  0.269977251  0.744522710  0.075012656  0.677385482  0.013864682  0.550965018  0.573399488  0.338047806  0.599636052  0.461767733 -0.269910488  0.536965124  0.270107611  0.698926663  0.591870290  0.687267754  0.364056299  1.000000000  0.832337418  0.730044936  0.326577839  0.652469775  0.473018937  0.602568938  0.609537806  0.554031253  0.703047316  0.696040565  0.090251948  0.539944173  0.343535338 -0.129136255  0.095745407  0.183274473  0.376175610 -0.010527352
 0.249636127  0.327535896  0.244561359  0.175507064  0.338739538  0.277819650  0.161048785  0.744953016  0.174763691  0.661316104  0.014688132  0.614809108  0.635980489  0.252053153  0.493651395  0.403915831 -0.273013524  0.361225600  0.052558542  0.725317927  0.472068014  0.557078192  0.476142650  0.832337418  1.000000000  0.636749400  0.509825847  0.617023092  0.438009106  0.533031185  0.439422710  0.417376343  0.639264100  0.616933907  0.082024967  0.563493249  0.463594069 -0.055833423 -0.077333031  0.074959105  0.459056346 -0.054493398
-0.086243842  0.180923826 -0.034090327 -0.009537521 -0.108641842  0.187902389  0.169498452  0.529401779 -0.115898043  0.558663530  0.052498185  0.453034100  0.473187568  0.433124974  0.793675079  0.750712325  0.128513294  0.326393319  0.343679380  0.583680461  0.567030751  0.648439525  0.257168522  0.730044936  0.636749400  1.000000000  0.186004343  0.770870480  0.464187156  0.799342800  0.753632986  0.773422389  0.776899989  0.720074718  0.008795598  0.709245382  0.415044084 -0.034552457 -0.013794299  0.220489564  0.032101341  0.088460440
 0.342205291  0.400695264  0.459960946  0.289033684  0.431530522  0.404361855  0.208204535  0.213433395 -0.079663120  0.241850070  0.122387845  0.245377383  0.382622995  0.171791610  0.221934241  0.139331069 -0.375983602  0.134110927 -0.018396539  0.298140592  0.126440471  0.176508392  0.057097307  0.326577839  0.509825847  0.186004343  1.000000000  0.232979954  0.082934922  0.067557625  0.024834897  0.068637506  0.316907806  0.114363528 -0.055825068  0.224956124  0.157864617 -0.038115381  0.021472477  0.119322499  0.251411420 -0.009700692
 0.070945330  0.159411161 -0.001847987  0.040862454 -0.008362075  0.246790124  0.185695441  0.539008397 -0.010642132  0.535141437 -0.062616847  0.524224031  0.449005087  0.517172676  0.714057345  0.694995356  0.223324719  0.276018008  0.414613175  0.601034897  0.468835392  0.612953415  0.202317027  0.652469775  0.617023092  0.770870480  0.232979954  1.000000000  0.330719314  0.670420386  0.572946081  0.678879809  0.667444460  0.645735887 -0.007541950  0.609881595  0.456067658  0.089473658 -0.073075874 -0.008824758  0.138921309 -0.135352526
-0.016976034  0.210868149  0.212199951  0.014042065 -0.014314386  0.112308524  0.230613567  0.249551104  0.377724698  0.525565327  0.049825878  0.049192413  0.174685518  0.268230136  0.618362376  0.587894711 -0.317357539  0.010699323 -0.176574807  0.290735106  0.281767917  0.113682887  0.247577177  0.473018937  0.438009106  0.464187156  0.082934922  0.330719314  1.000000000  0.675209110  0.642264668  0.368709985  0.291811627  0.343636797  0.239482154  0.249609762  0.354108271 -0.087322875  0.202198833  0.165785668  0.002885755  0.176230248
-0.267182140  0.053528348 -0.093720578 -0.111318745 -0.229082545  0.055292030  0.193427454  0.363514787  0.075819215  0.607547617 -0.049573342  0.132380248  0.153969071  0.400970352  0.747595761  0.730474000  0.107789953  0.149771806  0.220449776  0.563052038  0.595661175  0.489382356  0.093637988  0.602568938  0.533031185  0.799342800  0.067557625  0.670420386  0.675209110  1.000000000  0.923370117  0.762399938  0.683007628  0.721774171  0.212632511  0.514498506  0.534832329 -0.116416761  0.079380342  0.271026579  0.077324250  0.141288768
-0.345528383  0.041091547 -0.083155300 -0.135048737 -0.197895223  0.110984828  0.297730968  0.396160679 -0.089353290  0.529242434 -0.112394957  0.082595766  0.099079591  0.365443943  0.723911491  0.606853803  0.106000375  0.167249126  0.282014053  0.550082454  0.621517061  0.531125021 -0.053695068  0.609537806  0.439422710  0.753632986  0.024834897  0.572946081  0.642264668  0.923370117  1.000000000  0.791051367  0.720491096  0.780301192  0.229630969  0.487713236  0.512468481 -0.167544645  0.159365108  0.315033392  0.036921163  0.116207546
-0.264049270 -0.020414557 -0.175551821 -0.262005381 -0.128553799  0.079216614  0.077402132  0.372467715 -0.148867987  0.383737999 -0.144531646  0.301201387  0.092701574  0.305477502  0.650089356  0.532508113  0.345572707  0.074173078  0.475724658  0.600341140  0.605196639  0.710603672 -0.063270596  0.554031253  0.417376343  0.773422389  0.068637506  0.678879809  0.368709985  0.762399938  0.791051367  1.000000000  0.767434102  0.797073840  0.071723826  0.621217111  0.638534900 -0.023531418  0.011682118  0.234331317  0.050639800  0.044319506
-0.143397339  0.074197318 -0.102549535 -0.135519332  0.074626706  0.233316243  0.205002600  0.623622717 -0.251286538  0.395516524 -0.168773900  0.499413917  0.312442309  0.303631371  0.675084607  0.469300002  0.177915065  0.313503904  0.526641640  0.798989565  0.620194701  0.805444563  0.076366056  0.703047316  0.639264100  0.776899989  0.316907806  0.667444460  0.291811627  0.683007628  0.720491096  0.767434102  1.000000000  0.913287378  0.064338530  0.760849911  0.584644476  0.043921002  0.097755988  0.239264100  0.206435464 -0.053462710
-0.206186927  0.040785614 -0.124368707 -0.179665127  0.016283808  0.155167426  0.216909500  0.669454779 -0.140277162  0.458377962 -0.202093112  0.450892084  0.253453254  0.304159488  0.628714065  0.424813233  0.217828434  0.262331569  0.491884544  0.831482648  0.687243162  0.788390969  0.097348658  0.696040565  0.616933907  0.720074718  0.114363528  0.645735887  0.343636797  0.721774171  0.780301192  0.797073840  0.913287378  1.000000000  0.184583500  0.688507593  0.653822243  0.021405639  0.039526137  0.222065611  0.248520947 -0.078624452
 0.074169892  0.066746277  0.283522305  0.151125489  0.020052963  0.031349725  0.257953368  0.071028205  0.183122485  0.122284521 -0.047191577 -0.180459023  0.008197757  0.066103466  0.142098409  0.045891030 -0.140469520 -0.068724762 -0.062157685  0.111415335  0.120545649  0.091555427 -0.005854488  0.090251948  0.082024967  0.008795598 -0.055825068 -0.007541950  0.239482154  0.212632511  0.229630969  0.071723826  0.064338530  0.184583500  1.000000000  0.049467292  0.278666599 -0.097545559  0.049690963 -0.030174294  0.186861675  0.005633774
 0.028284577  0.245095978 -0.074257181 -0.067448933  0.015290213  0.115998833  0.055107480  0.430538008 -0.282859575  0.228184243 -0.095053483  0.466234682  0.381745647  0.304161982  0.670120299  0.508653151  0.192189586  0.043981846  0.390171990  0.634807425  0.599998864  0.741940130  0.261774454  0.539944173  0.563493249  0.709245382  0.224956124  0.609881595  0.249609762  0.514498506  0.487713236  0.621217111  0.760849911  0.688507593  0.049467292  1.000000000  0.655624086  0.103995004  0.053968156  0.062992882  0.268565486 -0.006863114
 0.031123803  0.119186822 -0.058257882 -0.258343282  0.137888721  0.045393374  0.083241985  0.297343111  0.037047073  0.196533394 -0.297601245  0.198794037  0.038187990  0.161932197  0.472888043  0.273508106  0.251981371 -0.322737907  0.304594295  0.570339587  0.490868171  0.612296167 -0.012372328  0.343535338  0.463594069  0.415044084  0.157864617  0.456067658  0.354108271  0.534832329  0.512468481  0.638534900  0.584644476  0.653822243  0.278666599  0.655624086  1.000000000  0.039876363  0.080768575  0.066557582  0.401420232 -0.087094468
 0.111039507 -0.082015843 -0.148241443 -0.159623241  0.185968854  0.047223767 -0.125846404  0.013907207 -0.045024741 -0.160788447 -0.442528346  0.182669946 -0.048000895 -0.090463988 -0.025916079 -0.054811999  0.111239754  0.011497013  0.142945109  0.011207662 -0.057043661  0.092755613  0.020322065 -0.129136255 -0.055833423 -0.034552457 -0.038115381  0.089473658 -0.087322875 -0.116416761 -0.167544645 -0.023531418  0.043921002  0.021405639 -0.097545559  0.103995004  0.039876363  1.000000000 -0.317248518 -0.326038788  0.020772447 -0.516545088
-0.138174763  0.139592325  0.162094894  0.066337841 -0.105059507  0.183175843  0.251662834 -0.073920039 -0.115495291 -0.007292007  0.321956173 -0.137943319 -0.094076514  0.233798419  0.235710104  0.085359002 -0.182892115 -0.002988846  0.096610664  0.038517896  0.192957938  0.026429530 -0.162707994  0.095745407 -0.077333031 -0.013794299  0.021472477 -0.073075874  0.202198833  0.079380342  0.159365108  0.011682118  0.097755988  0.039526137  0.049690963  0.053968156  0.080768575 -0.317248518  1.000000000  0.203344532 -0.054843045  0.377927104
-0.386215316 -0.094020224 -0.084598722 -0.132598501 -0.421284493 -0.187534884 -0.171617653 -0.094200851 -0.144573583  0.137636336  0.240723896 -0.220069621 -0.072408779  0.020916918  0.147830515  0.159590648 -0.001966527  0.079707387  0.186427805  0.087402328  0.341895980 -0.007319379 -0.130282354  0.183274473  0.074959105  0.220489564  0.119322499 -0.008824758  0.165785668  0.271026579  0.315033392  0.234331317  0.239264100  0.222065611 -0.030174294  0.062992882  0.066557582 -0.326038788  0.203344532  1.000000000 -0.127391071  0.425021638
 0.396080951  0.062571306  0.287173696  0.089926566  0.448881092  0.165071933 -0.060555273  0.296228230  0.176207966  0.088205114 -0.152608003  0.235668215  0.123919132 -0.129909634 -0.051423827 -0.267095866 -0.132814841  0.089465454  0.079235135  0.299512415  0.226472406  0.493193368  0.214569775  0.376175610  0.459056346  0.032101341  0.251411420  0.138921309  0.002885755  0.077324250  0.036921163  0.050639800  0.206435464  0.248520947  0.186861675  0.268565486  0.401420232  0.020772447 -0.054843045 -0.127391071  1.000000000 -0.171580998
-0.174933811  0.124883489  0.071127001  0.122229341 -0.299175713 -0.030235321  0.001048163 -0.191166050  0.031463861  0.160919300  0.624070289 -0.236812015  0.063646426  0.108400849  0.126223756  0.148205002 -0.137783443 -0.049314791 -0.207016712 -0.108819949  0.097039210 -0.163975939  0.022126108 -0.010527352 -0.054493398  0.088460440 -0.009700692 -0.135352526  0.176230248  0.141288768  0.116207546  0.044319506 -0.053462710 -0.078624452  0.005633774 -0.006863114 -0.087094468 -0.516545088  0.377927104  0.425021638 -0.171580998  1.000000000
