 1.0000000000  0.9194075771  0.7093761969  0.5721765591  0.6740311913  0.5823137409  0.7874836813 -0.2932483162  0.2893704045  0.0743626734  0.8094480861  0.5382895323  0.7265622287  0.6717159952 -0.2789975327  0.4247402296  0.0429032599  0.1033437192  0.2416606366 -0.4727607861 -0.1813713491  0.2915461797  0.1170647365  0.3018534830  0.0850034448  0.2762959034  0.2147065929  0.5488318418  0.2909799994  0.4271957338  0.0865639364  0.3241820459 -0.3144689087 -0.3819809836  0.5715289813  0.2888491862  0.2852919454 -0.0138808045  0.2274469536  0.5994281120 -0.2624267703 -0.3541024350
 0.9194075771  1.0000000000  0.5946103382  0.5083606235  0.5428070194  0.3774808465  0.6397727616 -0.4003307780  0.0758111603 -0.1305078565  0.7469775799  0.3604201918  0.5666900688  0.6118665214 -0.1450070096  0.3501153462  0.1615126070  0.2287238231  0.2583455785 -0.4717981630 -0.2010445347  0.2055618526 -0.0127077196  0.2085157394  0.2163694061  0.0906291959  0.0916663835  0.3737763783  0.0384702397  0.2054149215 -0.1069539460  0.0995126593 -0.4430232889 -0.3930006854  0.4555382813  0.2040767245  0.1110905258 -0.1237051597  0.0959629716  0.4377841323 -0.3838799273 -0.2823237425
 0.7093761969  0.5946103382  1.0000000000  0.6670199644  0.3627242000  0.7438802180  0.7911175173  0.1346937984  0.4820890262  0.4152881655  0.7272876736  0.5820288416  0.6763476878  0.5578864692 -0.5017842466  0.2966276536 -0.4786232901 -0.4550326080 -0.3230471867 -0.1223493546 -0.0245167652  0.4554030838  0.1339302681  0.3184580685 -0.0885481950  0.4638868219  0.2400845043  0.6375553946  0.6200486475  0.6435448288  0.5888585539  0.6208388512  0.0928467308 -0.0275604514  0.7667307789  0.4470949254  0.5275702784  0.1603686874  0.3465484023  0.6787374175  0.0822509975 -0.2087553876
 0.5721765591  0.5083606235  0.6670199644  1.0000000000  0.3743320533  0.6065973233  0.6818962287  0.0617558639  0.4003092139  0.3051977577  0.4706145237  0.4597560696  0.6019900035  0.4187252549 -0.1280094318  0.5791864578 -0.1411818388 -0.2692807479 -0.1452179335 -0.2500557226 -0.3577235573  0.4257003213  0.1929949919  0.4405498969 -0.1595386947  0.1734864513  0.2242966026  0.6784267792  0.5031291017  0.5923186348  0.4001402522  0.4369099005  0.0218233545 -0.0951121089  0.4861893811  0.5375041991  0.4314093679  0.0520134888  0.2024015661  0.6811986103  0.2157365167 -0.3830005247
 0.6740311913  0.5428070194  0.3627242000  0.3743320533  1.0000000000  0.5192019937  0.5507060233 -0.2369141605  0.2850209000  0.1943471554  0.6766384739  0.4743536312  0.6728376584  0.3721664763 -0.2230085345  0.4696887785  0.2270342775  0.1598534244  0.3977087857 -0.4382953355 -0.1456728222  0.2782396897  0.2716794557  0.2076040893 -0.0486057718  0.4087329863  0.3426583741  0.4520237999  0.3616732188  0.4606797993  0.0907786839  0.3048206251 -0.2345556575 -0.3404358116  0.4652773459  0.2714110460  0.2551420292 -0.0756395050  0.3168833853  0.3881810928 -0.1949417175 -0.3431375591
 0.5823137409  0.3774808465  0.7438802180  0.6065973233  0.5192019937  1.0000000000  0.7844729297  0.2987864079  0.6838105284  0.5465992228  0.6510430809  0.7272280536  0.8295577655  0.4052528742 -0.5305779916  0.5400684484 -0.2760683353 -0.4636498319 -0.0562008970 -0.1153711587 -0.3053700660  0.4930912753  0.3374562797  0.3334617770 -0.4181426481  0.5069924620  0.4158858126  0.7470050879  0.7795113283  0.8326718485  0.5722199060  0.6684793688  0.0292931742 -0.1571575016  0.6697187223  0.4835308821  0.5984031450  0.1820284048  0.4197646848  0.7496610413  0.0826381613 -0.3203533421
 0.7874836813  0.6397727616  0.7911175173  0.6818962287  0.5507060233  0.7844729297  1.0000000000  0.0802577140  0.4019529553  0.4383266024  0.7255568058  0.6455848382  0.7838008665  0.7888192477 -0.4239676724  0.4182889407 -0.0992401486 -0.2057733496  0.1296017686 -0.2491306519 -0.0960158727  0.2543629737  0.1352160682  0.2126321928 -0.0602115586  0.3270877132  0.3987768929  0.6394391242  0.6278547966  0.6208507961  0.3427807873  0.4668637317 -0.0477930416 -0.3921779550  0.6243577165  0.1852842190  0.3034827250  0.0504434512  0.2405501829  0.5949446285 -0.0059649982 -0.3352625110
-0.2932483162 -0.4003307780  0.1346937984  0.0617558639 -0.2369141605  0.2987864079  0.0802577140  1.0000000000  0.3145175867  0.6804709048 -0.0920208348  0.0726391164  0.1193117278  0.0439003577 -0.5509606887 -0.2021897891 -0.3371119077 -0.6932957814 -0.4169974990  0.7543804609 -0.1180199828  0.2163677893 -0.1475366706  0.0315376416 -0.5825106287 -0.0170952556  0.3893673054  0.1727252015  0.5494414146  0.3427890527  0.4351832688  0.2824415525  0.7020613622  0.0059297501  0.1251604359  0.1487847860  0.0677796981  0.2241728964 -0.0572331909  0.0524656858  0.2046253267  0.0380288568
 0.2893704045  0.0758111603  0.4820890262  0.4003092139  0.2850209000  0.6838105284  0.4019529553  0.3145175867  1.0000000000  0.4608312710  0.4492594951  0.5851940739  0.5671604016  0.1932647619 -0.2339845718  0.5177832782 -0.4698312918 -0.5398088900 -0.2504245551 -0.1591015273 -0.2213743320  0.3811177752  0.5043247347  0.2044304165 -0.2519976039  0.4916924915  0.3428026807  0.6429005349  0.6309884415  0.6468561047  0.5205925238  0.5570220262  0.3116324732  0.2560158455  0.5484094525  0.5850109006  0.7370536736  0.3304934275  0.5610746974  0.6403139243  0.3515330475 -0.1335276219
 0.0743626734 -0.1305078565  0.4152881655  0.3051977577  0.1943471554  0.5465992228  0.4383266024  0.6804709048  0.4608312710  1.0000000000  0.1528289132  0.4302696838  0.3360754833  0.3178548485 -0.4698252722 -0.0761564336 -0.3945613930 -0.5816778848 -0.2929175244  0.3123153365  0.1496980544  0.2060522005  0.1543798349  0.0290720513 -0.3409887423  0.2705420550  0.2617813252  0.2962574628  0.7484761565  0.5173415276  0.5909072049  0.4786691959  0.5462660988 -0.0547508054  0.3836965130  0.1048352961  0.2091658663  0.1500150361  0.1249763051  0.2733577420  0.2001600949 -0.1538518461
 0.8094480861  0.7469775799  0.7272876736  0.4706145237  0.6766384739  0.6510430809  0.7255568058 -0.0920208348  0.4492594951  0.1528289132  1.0000000000  0.6315105627  0.7784191635  0.5881068902 -0.4293462598  0.4478810753 -0.1181671817 -0.1732218141  0.0339232427 -0.3219995473 -0.1188890220  0.4439165553  0.1197547182  0.1559251662 -0.0224127221  0.4593217444  0.4203297330  0.5447185626  0.4635151163  0.5951773140  0.3029201967  0.4956377349 -0.1568566089 -0.1967167319  0.7705237381  0.4236309554  0.4404629462  0.0749411384  0.4491275835  0.5544665387 -0.0904590713 -0.0814321642
 0.5382895323  0.3604201918  0.5820288416  0.4597560696  0.4743536312  0.7272280536  0.6455848382  0.0726391164  0.5851940739  0.4302696838  0.6315105627  1.0000000000  0.6612364162  0.4696185399 -0.3855132415  0.4755224611 -0.0959598109 -0.1666559702  0.0663017990 -0.2529155622 -0.1036305344  0.4882279801  0.3323341861  0.1297128204 -0.2456000792  0.4066287844  0.4279670486  0.5911274305  0.6741268187  0.7457230674  0.5072342367  0.6842191062  0.0095454690 -0.1407951094  0.6659414983  0.3276027480  0.4681718969  0.0738485434  0.5845408049  0.5382601845  0.1306556957 -0.0519292075
 0.7265622287  0.5666900688  0.6763476878  0.6019900035  0.6728376584  0.8295577655  0.7838008665  0.1193117278  0.5671604016  0.3360754833  0.7784191635  0.6612364162  1.0000000000  0.5198559602 -0.5100289043  0.6303134153 -0.0094918759 -0.1989005488  0.1641267233 -0.2382603304 -0.4099814257  0.5328688663  0.2450128142  0.4069834026 -0.3427324233  0.4872621315  0.5205635210  0.8173854191  0.6794005019  0.7912942547  0.4025453252  0.5889127908 -0.0479554648 -0.2946014214  0.7209228862  0.5127957067  0.4814200025  0.1254405370  0.3857389449  0.7363549712 -0.0098296143 -0.4045157124
 0.6717159952  0.6118665214  0.5578864692  0.4187252549  0.3721664763  0.4052528742  0.7888192477  0.0439003577  0.1932647619  0.3178548485  0.5881068902  0.4696185399  0.5198559602  1.0000000000 -0.3785241452  0.1276126529  0.0507771207  0.0092813173  0.2462785475 -0.1211299470  0.0688849113 -0.0019326722 -0.0686924364 -0.0034842910  0.1738266540  0.0264835482  0.3851838328  0.3563922589  0.4229780686  0.3308141178  0.1247710463  0.2256519287  0.0475420544 -0.4751425734  0.4265063244 -0.1259987043 -0.0591500180  0.0284192901  0.0154318994  0.2479360525 -0.1130225675 -0.1945786795
-0.2789975327 -0.1450070096 -0.5017842466 -0.1280094318 -0.2230085345 -0.5305779916 -0.4239676724 -0.5509606887 -0.2339845718 -0.4698252722 -0.4293462598 -0.3855132415 -0.5100289043 -0.3785241452  1.0000000000  0.1443936765  0.1482930587  0.3664774326  0.1227097337 -0.4036090774  0.1087127473 -0.3426043419  0.2057379187 -0.1572430647  0.5861696526 -0.1034279462 -0.4592506429 -0.3636680384 -0.6035420994 -0.5445267080 -0.5039191687 -0.5368098359 -0.3359912514  0.3464297153 -0.4935682824 -0.1576837451 -0.0673956230 -0.2829585235 -0.0102678729 -0.2405241245  0.1860643348  0.0335060980
 0.4247402296  0.3501153462  0.2966276536  0.5791864578  0.4696887785  0.5400684484  0.4182889407 -0.2021897891  0.5177832782 -0.0761564336  0.4478810753  0.4755224611  0.6303134153  0.1276126529  0.1443936765  1.0000000000  0.1459563780  0.0021504133  0.2264527302 -0.4921250131 -0.5536637453  0.4068103922  0.5332036627  0.3195314144 -0.0954879919  0.3987829443  0.3861531711  0.7186430627  0.3426942641  0.5710577346  0.1393063190  0.3353451341 -0.2940818943 -0.0098463831  0.4052880124  0.5330935534  0.5260934707 -0.0348431153  0.4719997179  0.5643081220  0.2137748134 -0.2332129249
 0.0429032599  0.1615126070 -0.4786232901 -0.1411818388  0.2270342775 -0.2760683353 -0.0992401486 -0.3371119077 -0.4698312918 -0.3945613930 -0.1181671817 -0.0959598109 -0.0094918759  0.0507771207  0.1482930587  0.1459563780  1.0000000000  0.8205180028  0.8214436498 -0.2129178145 -0.3321973290 -0.1751055717 -0.0494503219 -0.1168479387 -0.0341583601 -0.3234497991  0.0919936031 -0.1206182629 -0.3403157095 -0.2698624793 -0.6203255894 -0.4415410787 -0.4473355218 -0.5960158998 -0.2700715907 -0.3728259507 -0.5445046420 -0.4281042248 -0.2945840029 -0.3752008171 -0.4563934407 -0.0682381422
 0.1033437192  0.2287238231 -0.4550326080 -0.2692807479  0.1598534244 -0.4636498319 -0.2057733496 -0.6932957814 -0.5398088900 -0.5816778848 -0.1732218141 -0.1666559702 -0.1989005488  0.0092813173  0.3664774326  0.0021504133  0.8205180028  1.0000000000  0.7832453908 -0.4435968081 -0.0480456748 -0.3276869589 -0.0224592395 -0.0796127975  0.3138421316 -0.2902858223 -0.2059398884 -0.2735325255 -0.5666272105 -0.4965758269 -0.6807583465 -0.5163014107 -0.5543466123 -0.3888298819 -0.3398516240 -0.4504686147 -0.5012243635 -0.3758706047 -0.2250272881 -0.3882002396 -0.4263041034 -0.0616386205
 0.2416606366  0.2583455785 -0.3230471867 -0.1452179335  0.3977087857 -0.0562008970  0.1296017686 -0.4169974990 -0.2504245551 -0.2929175244  0.0339232427  0.0663017990  0.1641267233  0.2462785475  0.1227097337  0.2264527302  0.8214436498  0.7832453908  1.0000000000 -0.3967713082 -0.2589624724 -0.2656888193  0.0006548939 -0.0199917304  0.0719784537 -0.2219190021  0.1804691081  0.0104980905 -0.2153922543 -0.1621950643 -0.5888737873 -0.3718798549 -0.4595344287 -0.5786385086 -0.1757448731 -0.3535105884 -0.3864786006 -0.2920212408 -0.1410233934 -0.2051110195 -0.4472589200 -0.2448948393
-0.4727607861 -0.4717981630 -0.1223493546 -0.2500557226 -0.4382953355 -0.1153711587 -0.2491306519  0.7543804609 -0.1591015273  0.3123153365 -0.3219995473 -0.2529155622 -0.2382603304 -0.1211299470 -0.4036090774 -0.4921250131 -0.2129178145 -0.4435968081 -0.3967713082  1.0000000000  0.1603463178  0.1917705191 -0.3817837714  0.0483156254 -0.3300400987 -0.1264930611  0.2128304475 -0.2011943333  0.1998424709  0.0106031817  0.2237092301  0.0754791518  0.5144982482 -0.0368661933 -0.1791944959 -0.0798656959 -0.2136657610  0.1593748034 -0.2031768604 -0.3126283927  0.0974281988  0.1604762225
-0.1813713491 -0.2010445347 -0.0245167652 -0.3577235573 -0.1456728222 -0.3053700660 -0.0960158727 -0.1180199828 -0.2213743320  0.1496980544 -0.1188890220 -0.1036305344 -0.4099814257  0.0688849113  0.1087127473 -0.5536637453 -0.3321973290 -0.0480456748 -0.2589624724  0.1603463178  1.0000000000 -0.2200868723 -0.0343930195 -0.2469043769  0.5615528563  0.1880300768 -0.1810187446 -0.5009273271 -0.1056309429 -0.2868798576  0.0999105584 -0.0333574298  0.1348854881  0.1971162688 -0.1147137766 -0.3906879848 -0.0774773743  0.0441633538  0.1523935691 -0.4023134001  0.1711155218  0.2879341980
 0.2915461797  0.2055618526  0.4554030838  0.4257003213  0.2782396897  0.4930912753  0.2543629737  0.2163677893  0.3811177752  0.2060522005  0.4439165553  0.4882279801  0.5328688663 -0.0019326722 -0.3426043419  0.4068103922 -0.1751055717 -0.3276869589 -0.2656888193  0.1917705191 -0.2200868723  1.0000000000  0.1236354205  0.4804150784 -0.4045341016  0.5227220724  0.3812877284  0.5236606767  0.5442394123  0.6482882674  0.4768057831  0.6383918079  0.0873338422  0.0640404033  0.5928081158  0.7659805985  0.6132295004  0.1733220226  0.5828729821  0.5167364468  0.2703008964 -0.0694611560
 0.1170647365 -0.0127077196  0.1339302681  0.1929949919  0.2716794557  0.3374562797  0.1352160682 -0.1475366706  0.5043247347  0.1543798349  0.1197547182  0.3323341861  0.2450128142 -0.0686924364  0.2057379187  0.5332036627 -0.0494503219 -0.0224592395  0.0006548939 -0.3817837714 -0.0343930195  0.1236354205  1.0000000000  0.0554801553  0.1450924095  0.6148369191  0.0040927184  0.3907997533  0.2332336308  0.3092472621  0.2155150619  0.2481338973 -0.1473950962  0.2058430243  0.1634585411  0.1735098722  0.4478486598 -0.1627616892  0.4448499141  0.2889195071  0.1779307032 -0.1341613961
 0.3018534830  0.2085157394  0.3184580685  0.4405498969  0.2076040893  0.3334617770  0.2126321928  0.0315376416  0.2044304165  0.0290720513  0.1559251662  0.1297128204  0.4069834026 -0.0034842910 -0.1572430647  0.3195314144 -0.1168479387 -0.0796127975 -0.0199917304  0.0483156254 -0.2469043769  0.4804150784  0.0554801553  1.0000000000 -0.1582467836  0.1966420231  0.1100629190  0.4425854995  0.2501696121  0.3822414844  0.2541310588  0.2888643767 -0.0172346132  0.0471416735  0.1934583255  0.5221716927  0.3777495783  0.1499532012  0.2268304572  0.4467674166  0.1041246073 -0.4881791478
 0.0850034448  0.2163694061 -0.0885481950 -0.1595386947 -0.0486057718 -0.4181426481 -0.0602115586 -0.5825106287 -0.2519976039 -0.3409887423 -0.0224127221 -0.2456000792 -0.3427324233  0.1738266540  0.5861696526 -0.0954879919 -0.0341583601  0.3138421316  0.0719784537 -0.3300400987  0.5615528563 -0.4045341016  0.1450924095 -0.1582467836  1.0000000000  0.0402892340 -0.3603293118 -0.3710376854 -0.4356242698 -0.4371784590 -0.3340666060 -0.3184207720 -0.3628850721  0.1165165553 -0.2246146580 -0.3718360233 -0.1822197675 -0.0971005864  0.0471766594 -0.3002121995  0.0495994628  0.0740075049
 0.2762959034  0.0906291959  0.4638868219  0.1734864513  0.4087329863  0.5069924620  0.3270877132 -0.0170952556  0.4916924915  0.2705420550  0.4593217444  0.4066287844  0.4872621315  0.0264835482 -0.1034279462  0.3987829443 -0.3234497991 -0.2902858223 -0.2219190021 -0.1264930611  0.1880300768  0.5227220724  0.6148369191  0.1966420231  0.0402892340  1.0000000000  0.1417379045  0.4262408383  0.4984158046  0.5182421103  0.4836926652  0.5471485075 -0.0445627571  0.2478269123  0.5491870424  0.4158826493  0.6756808379  0.0493498502  0.6662709110  0.4463461055  0.3383154408 -0.0983287094
 0.2147065929  0.0916663835  0.2400845043  0.2242966026  0.3426583741  0.4158858126  0.3987768929  0.3893673054  0.3428026807  0.2617813252  0.4203297330  0.4279670486  0.5205635210  0.3851838328 -0.4592506429  0.3861531711  0.0919936031 -0.2059398884  0.1804691081  0.2128304475 -0.1810187446  0.3812877284  0.0040927184  0.1100629190 -0.3603293118  0.1417379045  1.0000000000  0.4718985109  0.5337065777  0.5257961792  0.1784955535  0.3580217687  0.2516159478 -0.3220932595  0.3759377166  0.2880570388  0.2022491588  0.1282044619  0.3513107471  0.1376721173  0.1077006539  0.0520355097
 0.5488318418  0.3737763783  0.6375553946  0.6784267792  0.4520237999  0.7470050879  0.6394391242  0.1727252015  0.6429005349  0.2962574628  0.5447185626  0.5911274305  0.8173854191  0.3563922589 -0.3636680384  0.7186430627 -0.1206182629 -0.2735325255  0.0104980905 -0.2011943333 -0.5009273271  0.5236606767  0.3907997533  0.4425854995 -0.3710376854  0.4262408383  0.4718985109  1.0000000000  0.6638438258  0.7648742734  0.4758683646  0.5584298838  0.1735478380 -0.0202963165  0.6404209069  0.5966112169  0.5745928168  0.0669519815  0.3967421299  0.7713082548  0.1662744322 -0.3724739518
 0.2909799994  0.0384702397  0.6200486475  0.5031291017  0.3616732188  0.7795113283  0.6278547966  0.5494414146  0.6309884415  0.7484761565  0.4635151163  0.6741268187  0.6794005019  0.4229780686 -0.6035420994  0.3426942641 -0.3403157095 -0.5666272105 -0.2153922543  0.1998424709 -0.1056309429  0.5442394123  0.2332336308  0.2501696121 -0.4356242698  0.4984158046  0.5337065777  0.6638438258  1.0000000000  0.8997520299  0.7888678653  0.8265248671  0.4018946687 -0.0738494572  0.6617874005  0.4218624577  0.4864725369  0.3509177215  0.4469767214  0.5463726909  0.4003064090 -0.1071796745
 0.4271957338  0.2054149215  0.6435448288  0.5923186348  0.4606797993  0.8326718485  0.6208507961  0.3427890527  0.6468561047  0.5173415276  0.5951773140  0.7457230674  0.7912942547  0.3308141178 -0.5445267080  0.5710577346 -0.2698624793 -0.4965758269 -0.1621950643  0.0106031817 -0.2868798576  0.6482882674  0.3092472621  0.3822414844 -0.4371784590  0.5182421103  0.5257961792  0.7648742734  0.8997520299  1.0000000000  0.7657659240  0.8800483209  0.1624548822 -0.0531082082  0.7066706851  0.5867696836  0.5825158045  0.2935185632  0.5133582540  0.6701411098  0.2976274181 -0.1515539523
 0.0865639364 -0.1069539460  0.5888585539  0.4001402522  0.0907786839  0.5722199060  0.3427807873  0.4351832688  0.5205925238  0.5909072049  0.3029201967  0.5072342367  0.4025453252  0.1247710463 -0.5039191687  0.1393063190 -0.6203255894 -0.6807583465 -0.5888737873  0.2237092301  0.0999105584  0.4768057831  0.2155150619  0.2541310588 -0.3340666060  0.4836926652  0.1784955535  0.4758683646  0.7888678653  0.7657659240  1.0000000000  0.8309274772  0.4528515454  0.3401761384  0.5824053569  0.4434709246  0.5558686881  0.3628227806  0.4273517178  0.5090525257  0.4734264271  0.0208385517
 0.3241820459  0.0995126593  0.6208388512  0.4369099005  0.3048206251  0.6684793688  0.4668637317  0.2824415525  0.5570220262  0.4786691959  0.4956377349  0.6842191062  0.5889127908  0.2256519287 -0.5368098359  0.3353451341 -0.4415410787 -0.5163014107 -0.3718798549  0.0754791518 -0.0333574298  0.6383918079  0.2481338973  0.2888643767 -0.3184207720  0.5471485075  0.3580217687  0.5584298838  0.8265248671  0.8800483209  0.8309274772  1.0000000000  0.1605391901  0.0408705554  0.6625203470  0.5365438187  0.5538911240  0.5266706159  0.5748502044  0.6048600092  0.4607919290  0.0544518158
-0.3144689087 -0.4430232889  0.0928467308  0.0218233545 -0.2345556575  0.0292931742 -0.0477930416  0.7020613622  0.3116324732  0.5462660988 -0.1568566089  0.0095454690 -0.0479554648  0.0475420544 -0.3359912514 -0.2940818943 -0.4473355218 -0.5543466123 -0.4595344287  0.5144982482  0.1348854881  0.0873338422 -0.1473950962 -0.0172346132 -0.3628850721 -0.0445627571  0.2516159478  0.1735478380  0.4018946687  0.1624548822  0.4528515454  0.1605391901  1.0000000000  0.3719446127  0.1281124557  0.1413883862  0.1877660419  0.1385773966  0.0269535545  0.0572079776  0.3050920319  0.0271623991
-0.3819809836 -0.3930006854 -0.0275604514 -0.0951121089 -0.3404358116 -0.1571575016 -0.3921779550  0.0059297501  0.2560158455 -0.0547508054 -0.1967167319 -0.1407951094 -0.2946014214 -0.4751425734  0.3464297153 -0.0098463831 -0.5960158998 -0.3888298819 -0.5786385086 -0.0368661933  0.1971162688  0.0640404033  0.2058430243  0.0471416735  0.1165165553  0.2478269123 -0.3220932595 -0.0202963165 -0.0738494572 -0.0531082082  0.3401761384  0.0408705554  0.3719446127  1.0000000000  0.0530842195  0.3476471267  0.5310667086  0.0227338757  0.3431762037  0.1307831662  0.4424663471  0.1396433201
 0.5715289813  0.4555382813  0.7667307789  0.4861893811  0.4652773459  0.6697187223  0.6243577165  0.1251604359  0.5484094525  0.3836965130  0.7705237381  0.6659414983  0.7209228862  0.4265063244 -0.4935682824  0.4052880124 -0.2700715907 -0.3398516240 -0.1757448731 -0.1791944959 -0.1147137766  0.5928081158  0.1634585411  0.1934583255 -0.2246146580  0.5491870424  0.3759377166  0.6404209069  0.6617874005  0.7066706851  0.5824053569  0.6625203470  0.1281124557  0.0530842195  1.0000000000  0.5184915381  0.5742245443  0.1154960152  0.5435719280  0.5862112233  0.1486730825 -0.0783398139
 0.2888491862  0.2040767245  0.4470949254  0.5375041991  0.2714110460  0.4835308821  0.1852842190  0.1487847860  0.5850109006  0.1048352961  0.4236309554  0.3276027480  0.5127957067 -0.1259987043 -0.1576837451  0.5330935534 -0.3728259507 -0.4504686147 -0.3535105884 -0.0798656959 -0.3906879848  0.7659805985  0.1735098722  0.5221716927 -0.3718360233  0.4158826493  0.2880570388  0.5966112169  0.4218624577  0.5867696836  0.4434709246  0.5365438187  0.1413883862  0.3476471267  0.5184915381  1.0000000000  0.8018957553  0.3151129330  0.5843904840  0.6948586844  0.3755409276 -0.1346413899
 0.2852919454  0.1110905258  0.5275702784  0.4314093679  0.2551420292  0.5984031450  0.3034827250  0.0677796981  0.7370536736  0.2091658663  0.4404629462  0.4681718969  0.4814200025 -0.0591500180 -0.0673956230  0.5260934707 -0.5445046420 -0.5012243635 -0.3864786006 -0.2136657610 -0.0774773743  0.6132295004  0.4478486598  0.3777495783 -0.1822197675  0.6756808379  0.2022491588  0.5745928168  0.4864725369  0.5825158045  0.5558686881  0.5538911240  0.1877660419  0.5310667086  0.5742245443  0.8018957553  1.0000000000  0.2135199924  0.7680226918  0.7141315347  0.4566627570 -0.1184125922
-0.0138808045 -0.1237051597  0.1603686874  0.0520134888 -0.0756395050  0.1820284048  0.0504434512  0.2241728964  0.3304934275  0.1500150361  0.0749411384  0.0738485434  0.1254405370  0.0284192901 -0.2829585235 -0.0348431153 -0.4281042248 -0.3758706047 -0.2920212408  0.1593748034  0.0441633538  0.1733220226 -0.1627616892  0.1499532012 -0.0971005864  0.0493498502  0.1282044619  0.0669519815  0.3509177215  0.2935185632  0.3628227806  0.5266706159  0.1385773966  0.0227338757  0.1154960152  0.3151129330  0.2135199924  1.0000000000  0.2794027459  0.2367752503  0.5448252479  0.2422933129
 0.2274469536  0.0959629716  0.3465484023  0.2024015661  0.3168833853  0.4197646848  0.2405501829 -0.0572331909  0.5610746974  0.1249763051  0.4491275835  0.5845408049  0.3857389449  0.0154318994 -0.0102678729  0.4719997179 -0.2945840029 -0.2250272881 -0.1410233934 -0.2031768604  0.1523935691  0.5828729821  0.4448499141  0.2268304572  0.0471766594  0.6662709110  0.3513107471  0.3967421299  0.4469767214  0.5133582540  0.4273517178  0.5748502044  0.0269535545  0.3431762037  0.5435719280  0.5843904840  0.7680226918  0.2794027459  1.0000000000  0.4041977575  0.5327307954  0.1783049506
 0.5994281120  0.4377841323  0.6787374175  0.6811986103  0.3881810928  0.7496610413  0.5949446285  0.0524656858  0.6403139243  0.2733577420  0.5544665387  0.5382601845  0.7363549712  0.2479360525 -0.2405241245  0.5643081220 -0.3752008171 -0.3882002396 -0.2051110195 -0.3126283927 -0.4023134001  0.5167364468  0.2889195071  0.4467674166 -0.3002121995  0.4463461055  0.1376721173  0.7713082548  0.5463726909  0.6701411098  0.5090525257  0.6048600092  0.0572079776  0.1307831662  0.5862112233  0.6948586844  0.7141315347  0.2367752503  0.4041977575  1.0000000000  0.2412851395 -0.4192124196
-0.2624267703 -0.3838799273  0.0822509975  0.2157365167 -0.1949417175  0.0826381613 -0.0059649982  0.2046253267  0.3515330475  0.2001600949 -0.0904590713  0.1306556957 -0.0098296143 -0.1130225675  0.1860643348  0.2137748134 -0.4563934407 -0.4263041034 -0.4472589200  0.0974281988  0.1711155218  0.2703008964  0.1779307032  0.1041246073  0.0495994628  0.3383154408  0.1077006539  0.1662744322  0.4003064090  0.2976274181  0.4734264271  0.4607919290  0.3050920319  0.4424663471  0.1486730825  0.3755409276  0.4566627570  0.5448252479  0.5327307954  0.2412851395  1.0000000000  0.2435104354
-0.3541024350 -0.2823237425 -0.2087553876 -0.3830005247 -0.3431375591 -0.3203533421 -0.3352625110  0.0380288568 -0.1335276219 -0.1538518461 -0.0814321642 -0.0519292075 -0.4045157124 -0.1945786795  0.0335060980 -0.2332129249 -0.0682381422 -0.0616386205 -0.2448948393  0.1604762225  0.2879341980 -0.0694611560 -0.1341613961 -0.4881791478  0.0740075049 -0.0983287094  0.0520355097 -0.3724739518 -0.1071796745 -0.1515539523  0.0208385517  0.0544518158  0.0271623991  0.1396433201 -0.0783398139 -0.1346413899 -0.1184125922  0.2422933129  0.1783049506 -0.4192124196  0.2435104354  1.0000000000
