 1.000000000  0.438158402  0.776933420  0.532966436  0.342439684  0.395027019  0.327136321 -0.277114396 -0.122959921 -0.297576097  0.005192322 -0.147621807  0.410041953 -0.121653437  0.136666068 -0.161306117  0.458686157  0.078849840  0.133262085 -0.371428384 -0.476491883  0.207386859 -0.088430737 -0.028210972 -0.102399674 -0.306867959 -0.230352739 -0.043051177 -0.141032430 -0.033520601 -0.006661292 -0.179261708 -0.140993044 -0.149687984 -0.348760787  0.027217845 -0.289680318 -0.005176575 -0.120123120  0.118679577 -0.272588109 -0.075217796
 0.438158402  1.000000000  0.433469143  0.047772572  0.169363737  0.167030918  0.230678423 -0.043021233  0.054977732 -0.050464813  0.007861754 -0.020256817  0.265147624 -0.172534117 -0.015388593 -0.062159323  0.234207186 -0.198642718  0.210106181 -0.129136278 -0.204505706  0.039514187  0.017748293  0.128402353  0.157667593  0.009338869 -0.099049578 -0.033196284 -0.226991548 -0.019407326  0.019977952 -0.099526561 -0.190995538 -0.137710324 -0.263933955 -0.139294527 -0.070404203  0.076881935  0.124139039  0.188261531 -0.208133441 -0.146347336
 0.776933420  0.433469143  1.000000000  0.575482996  0.413881389  0.306399775  0.535484523 -0.310211065 -0.370780401 -0.313967116  0.068332391 -0.165234650  0.346972748 -0.112142587  0.105357710 -0.162849042  0.490586886  0.143836111 -0.118695495 -0.427700003 -0.465648560  0.188216881 -0.157484662 -0.239742084 -0.285827730 -0.293177440 -0.278182024 -0.005458829 -0.180169391  0.026881321 -0.008248409 -0.158900172  0.010808719  0.095550686 -0.296341178 -0.026443305 -0.275601968 -0.037673358 -0.108287884  0.106088931 -0.211643342 -0.010523326
 0.532966436  0.047772572  0.575482996  1.000000000  0.140790169 -0.009099453  0.220256266 -0.387066966 -0.057981834 -0.279638567  0.195465756  0.200015976  0.181440866  0.036158901  0.283013112 -0.005414226  0.136926791  0.429949156 -0.441954175 -0.295767830 -0.200194273  0.003322728 -0.283605345 -0.377041914 -0.676797731 -0.221917844 -0.329920329  0.002185760  0.218119530  0.105169905  0.043899394 -0.004044889  0.542083296  0.449352156 -0.065625856 -0.050164029 -0.212274079 -0.103617763 -0.280479812 -0.014744815 -0.123593257  0.155161839
 0.342439684  0.169363737  0.413881389  0.140790169  1.000000000  0.319224917  0.248360700 -0.244259519 -0.204389247 -0.293098985 -0.072025318 -0.331791852  0.085611336  0.182412023 -0.141207953  0.004538065 -0.057885973  0.011593126  0.017270355 -0.276100435 -0.059121492  0.378415464  0.005520830 -0.058261980  0.127736309 -0.286488746  0.201220244  0.263632416 -0.224301470 -0.141109622 -0.331251201 -0.473485497 -0.210254759 -0.091987344 -0.222751975  0.115767237 -0.147986930  0.122417734 -0.143601864 -0.254142151 -0.038135572 -0.130848193
 0.395027019  0.167030918  0.306399775 -0.009099453  0.319224917  1.000000000  0.356051072  0.133004111 -0.243754652 -0.122689065 -0.062258161 -0.182621394  0.006583723  0.324884123  0.235163470  0.248043738  0.018372541 -0.273963670  0.096096968 -0.021909299 -0.225201803  0.308173692  0.069323415  0.036607379  0.332353409 -0.141442768  0.069808563  0.373454108 -0.037942623  0.227562501  0.045583491  0.012329104 -0.316659927 -0.381923843 -0.218505019  0.149127164 -0.070499157  0.243753580 -0.026396142 -0.089157161 -0.270294759 -0.062018935
 0.327136321  0.230678423  0.535484523  0.220256266  0.248360700  0.356051072  1.000000000 -0.137348165 -0.468532043  0.114723277  0.078132916 -0.235571721  0.122560739  0.153409422  0.121061391 -0.039058555  0.239135462 -0.003531654 -0.374000809 -0.440226839 -0.439126426  0.082651963 -0.198839406 -0.194108257 -0.258981899 -0.010264247 -0.398636890  0.280249613  0.050057505  0.191169608  0.012277015  0.091769237  0.106496314  0.355339775 -0.115596733  0.167274724 -0.059553218 -0.011148913  0.063768544  0.101944554 -0.235418700 -0.049932971
-0.277114396 -0.043021233 -0.310211065 -0.387066966 -0.244259519  0.133004111 -0.137348165  1.000000000  0.195229872  0.310097321 -0.318132959  0.017040462 -0.071813368 -0.019407897  0.009646661  0.230189578  0.123107882 -0.259165413  0.346640759  0.739996790  0.419903741  0.193575213  0.163370220  0.606185765  0.346310493  0.514463596  0.080840534 -0.016704213  0.079707230  0.224798652  0.597183371  0.554291561 -0.258345149 -0.277172753  0.412665561  0.367274425  0.537417783  0.063567770  0.493176190  0.497876453 -0.169626433  0.029317872
-0.122959921  0.054977732 -0.370780401 -0.057981834 -0.204389247 -0.243754652 -0.468532043  0.195229872  1.000000000  0.186346797 -0.078916914  0.152388780  0.113495725  0.045664505  0.210045533  0.206139532 -0.185265386 -0.020975669  0.209126759  0.254528423  0.127943411 -0.019310248  0.337778660  0.208440413  0.073796648  0.317038300 -0.035364934 -0.044688665  0.316648683  0.097445433 -0.028275477  0.080672329 -0.054936815 -0.057121943  0.105878287  0.072315191  0.081934784  0.030550381  0.228151285  0.155507896  0.047616704  0.217908780
-0.297576097 -0.050464813 -0.313967116 -0.279638567 -0.293098985 -0.122689065  0.114723277  0.310097321  0.186346797  1.000000000 -0.137927427 -0.118139307 -0.060943468  0.372442381  0.164993088  0.230127976 -0.319910408 -0.078675756 -0.142710129  0.213447908  0.377069177 -0.053372262  0.171663397  0.463608673 -0.062661482  0.737335413 -0.497583467  0.222243355  0.499437117  0.339153587  0.339467124  0.644341879  0.232315813  0.291325274  0.408033715  0.231272913  0.554792270 -0.129665591  0.696453463  0.471748591  0.107514761  0.308797384
 0.005192322  0.007861754  0.068332391  0.195465756 -0.072025318 -0.062258161  0.078132916 -0.318132959 -0.078916914 -0.137927427  1.000000000  0.455181610 -0.111415080 -0.165557214  0.048876342 -0.080063437 -0.038367000  0.206622932 -0.130394102 -0.251042697 -0.209545145 -0.265266342 -0.321629563 -0.291552824 -0.264742289 -0.245765863 -0.077466883 -0.060428647 -0.093233804 -0.118167019 -0.093436511 -0.051725932  0.336269662  0.072790984 -0.096911818 -0.298258618 -0.063160839 -0.062879144 -0.268063630 -0.251902473  0.102128865 -0.130647946
-0.147621807 -0.020256817 -0.165234650  0.200015976 -0.331791852 -0.182621394 -0.235571721  0.017040462  0.152388780 -0.118139307  0.455181610  1.000000000 -0.183014923 -0.128176216  0.036834041  0.025546222 -0.107019090  0.063758607 -0.114981399  0.038747935 -0.045184319 -0.456223810 -0.283706945 -0.019632675 -0.177892808  0.049261901 -0.028407522 -0.125079586  0.080971687 -0.023084644  0.024760675  0.111578534  0.297374869  0.058263857 -0.051063978 -0.317986925  0.007241780  0.131957740 -0.189618890 -0.092601103  0.288152698 -0.143948387
 0.410041953  0.265147624  0.346972748  0.181440866  0.085611336  0.006583723  0.122560739 -0.071813368  0.113495725 -0.060943468 -0.111415080 -0.183014923  1.000000000  0.020822865  0.401432003  0.205583575  0.252418403  0.044650516  0.011315120 -0.054314065 -0.320415885  0.207888045  0.040967177 -0.155334886  0.002221604  0.093678823 -0.036709656  0.197967756  0.070366492  0.293120125 -0.134030990  0.048569254 -0.258092768 -0.003742596  0.064059063  0.345966602  0.105983682 -0.170340776  0.141436873  0.273097802 -0.079589823  0.112866157
-0.121653437 -0.172534117 -0.112142587  0.036158901  0.182412023  0.324884123  0.153409422 -0.019407897  0.045664505  0.372442381 -0.165557214 -0.128176216  0.020822865  1.000000000  0.609630160  0.713820155 -0.656705232 -0.096584537 -0.515667818 -0.143266236  0.121735874  0.109322140  0.056429553 -0.052590832 -0.070907734  0.348135321 -0.042829663  0.839345484  0.716073451  0.682201627 -0.160950918  0.250715842  0.161176282  0.271077261  0.253194343  0.206045217  0.131453339  0.125323263  0.238359557 -0.020093327  0.101447261  0.123458336
 0.136666068 -0.015388593  0.105357710  0.283013112 -0.141207953  0.235163470  0.121061391  0.009646661  0.210045533  0.164993088  0.048876342  0.036834041  0.401432003  0.609630160  1.000000000  0.708602996 -0.137366037 -0.049198653 -0.376149891 -0.106113640 -0.162239779  0.048149370 -0.020137590 -0.212390450 -0.254562886  0.314498996 -0.249435947  0.617504275  0.717993635  0.848001044  0.091613921  0.455084267  0.164679207  0.214543042  0.333442620  0.236229391  0.062735947 -0.070689609  0.256087037  0.277756652 -0.064479436  0.160354515
-0.161306117 -0.062159323 -0.162849042 -0.005414226  0.004538065  0.248043738 -0.039058555  0.230189578  0.206139532  0.230127976 -0.080063437  0.025546222  0.205583575  0.713820155  0.708602996  1.000000000 -0.440241292 -0.144065760 -0.263438920  0.184917185  0.141022442  0.138873376  0.064747609  0.003989230  0.088133114  0.487710778  0.132544928  0.790697132  0.621217780  0.832262315  0.009804866  0.413031641 -0.010837047  0.100394646  0.424628466  0.367351766  0.318737756  0.038599179  0.328561586  0.210884038  0.064936083  0.065891480
 0.458686157  0.234207186  0.490586886  0.136926791 -0.057885973  0.018372541  0.239135462  0.123107882 -0.185265386 -0.319910408 -0.038367000 -0.107019090  0.252418403 -0.656705232 -0.137366037 -0.440241292  1.000000000  0.047174565  0.426970555 -0.024748451 -0.320848947  0.092501331 -0.053072130  0.020519851 -0.066847628 -0.240293846 -0.116518898 -0.538427059 -0.421202361 -0.208706933  0.337910519 -0.003042867 -0.292851814 -0.228168681 -0.068384884  0.138590182 -0.085889854 -0.249769027  0.002965624  0.245560905 -0.295109406 -0.057900424
 0.078849840 -0.198642718  0.143836111  0.429949156  0.011593126 -0.273963670 -0.003531654 -0.259165413 -0.020975669 -0.078675756  0.206622932  0.063758607  0.044650516 -0.096584537 -0.049198653 -0.144065760  0.047174565  1.000000000 -0.259757646 -0.050494987 -0.031695990  0.044594807 -0.104388670 -0.211654190 -0.550492266 -0.169263220 -0.267176511 -0.172160756  0.088668775 -0.161210557 -0.009103312 -0.089850941  0.376387832  0.462002139  0.078401735  0.020161308 -0.080664801 -0.161146274 -0.313047135 -0.133741356  0.006182499  0.013429918
 0.133262085  0.210106181 -0.118695495 -0.441954175  0.017270355  0.096096968 -0.374000809  0.346640759  0.209126759 -0.142710129 -0.130394102 -0.114981399  0.011315120 -0.515667818 -0.376149891 -0.263438920  0.426970555 -0.259757646  1.000000000  0.368645579  0.113468885  0.189800667  0.306875664  0.454495965  0.583630080 -0.128551529  0.313457537 -0.489488626 -0.580263959 -0.451912959  0.148504429 -0.178426357 -0.692519030 -0.815851441 -0.148122004 -0.009108904  0.031396291 -0.052686324  0.104224497  0.101905245 -0.127566421 -0.068189559
-0.371428384 -0.129136278 -0.427700003 -0.295767830 -0.276100435 -0.021909299 -0.440226839  0.739996790  0.254528423  0.213447908 -0.251042697  0.038747935 -0.054314065 -0.143266236 -0.106113640  0.184917185 -0.024748451 -0.050494987  0.368645579  1.000000000  0.657429807  0.199909096  0.179572091  0.429402175  0.277001356  0.417535959  0.202330788 -0.189225132 -0.063933368  0.045683826  0.500607992  0.433838708 -0.115040211 -0.221126330  0.539210268  0.398581695  0.524602473 -0.007074121  0.411139789  0.402189238 -0.053386764  0.170571157
-0.476491883 -0.204505706 -0.465648560 -0.200194273 -0.059121492 -0.225201803 -0.439126426  0.419903741  0.127943411  0.377069177 -0.209545145 -0.045184319 -0.320415885  0.121735874 -0.162239779  0.141022442 -0.320848947 -0.031695990  0.113468885  0.657429807  1.000000000  0.104900831  0.060617823  0.305270361  0.129362640  0.310526297  0.219259264 -0.020615977  0.055311980  0.001005947  0.321436896  0.265511809  0.186046652  0.002359763  0.578953923  0.293431858  0.477789886 -0.131413191  0.367067349  0.135628823  0.081531487  0.194755856
 0.207386859  0.039514187  0.188216881  0.003322728  0.378415464  0.308173692  0.082651963  0.193575213 -0.019310248 -0.053372262 -0.265266342 -0.456223810  0.207888045  0.109322140  0.048149370  0.138873376  0.092501331  0.044594807  0.189800667  0.199909096  0.104900831  1.000000000  0.189748709  0.106499444  0.160025487  0.025716277  0.107193602  0.140911512 -0.041692508  0.069552714  0.127756783  0.009649714 -0.257892019 -0.111376010  0.131774614  0.343723713  0.049107421 -0.140620507  0.139219023  0.168488136 -0.163562007  0.173396182
-0.088430737  0.017748293 -0.157484662 -0.283605345  0.005520830  0.069323415 -0.198839406  0.163370220  0.337778660  0.171663397 -0.321629563 -0.283706945  0.040967177  0.056429553 -0.020137590  0.064747609 -0.053072130 -0.104388670  0.306875664  0.179572091  0.060617823  0.189748709  1.000000000  0.305886281  0.263672335  0.195031171 -0.032023773 -0.027505989  0.017978043 -0.052983331  0.026509580 -0.006596216 -0.278753964 -0.219881801 -0.064122185  0.025781065  0.051994879 -0.140770672  0.190197144  0.144613877 -0.057961230  0.005047810
-0.028210972  0.128402353 -0.239742084 -0.377041914 -0.058261980  0.036607379 -0.194108257  0.606185765  0.208440413  0.463608673 -0.291552824 -0.019632675 -0.155334886 -0.052590832 -0.212390450  0.003989230  0.020519851 -0.211654190  0.454495965  0.429402175  0.305270361  0.106499444  0.305886281  1.000000000  0.375228326  0.495941559 -0.128853311 -0.162240307 -0.045387385 -0.075928438  0.530546077  0.392103889 -0.279918702 -0.300104717  0.142138552  0.090494732  0.497320121  0.035335200  0.497608138  0.489005860 -0.010406492 -0.017889592
-0.102399674  0.157667593 -0.285827730 -0.676797731  0.127736309  0.332353409 -0.258981899  0.346310493  0.073796648 -0.062661482 -0.264742289 -0.177892808  0.002221604 -0.070907734 -0.254562886  0.088133114 -0.066847628 -0.550492266  0.583630080  0.277001356  0.129362640  0.160025487  0.263672335  0.375228326  1.000000000  0.048918455  0.598647844  0.033957621 -0.366277275 -0.135599360 -0.134324472 -0.198310013 -0.745575900 -0.751731248 -0.169955912  0.115344291  0.126120868  0.194556140  0.122068993 -0.065209394  0.031083452 -0.202306904
-0.306867959  0.009338869 -0.293177440 -0.221917844 -0.286488746 -0.141442768 -0.010264247  0.514463596  0.317038300  0.737335413 -0.245765863  0.049261901  0.093678823  0.348135321  0.314498996  0.487710778 -0.240293846 -0.169263220 -0.128551529  0.417535959  0.310526297  0.025716277  0.195031171  0.495941559  0.048918455  1.000000000 -0.262387877  0.282278527  0.542019080  0.544571770  0.357208894  0.754546286  0.133986477  0.247844371  0.576006825  0.360859420  0.640027101 -0.047544772  0.773178441  0.668712045  0.172393329  0.202216577
-0.230352739 -0.099049578 -0.278182024 -0.329920329  0.201220244  0.069808563 -0.398636890  0.080840534 -0.035364934 -0.497583467 -0.077466883 -0.028407522 -0.036709656 -0.042829663 -0.249435947  0.132544928 -0.116518898 -0.267176511  0.313457537  0.202330788  0.219259264  0.107193602 -0.032023773 -0.128853311  0.598647844 -0.262387877  1.000000000  0.020537638 -0.345813964 -0.173705878 -0.362151201 -0.427207384 -0.464922164 -0.527118428  0.022755764  0.118968797  0.021302816  0.108509608 -0.223911130 -0.406323057  0.103592671 -0.197872571
-0.043051177 -0.033196284 -0.005458829  0.002185760  0.263632416  0.373454108  0.280249613 -0.016704213 -0.044688665  0.222243355 -0.060428647 -0.125079586  0.197967756  0.839345484  0.617504275  0.790697132 -0.538427059 -0.172160756 -0.489488626 -0.189225132 -0.020615977  0.140911512 -0.027505989 -0.162240307  0.033957621  0.282278527  0.020537638  1.000000000  0.573809327  0.719547233 -0.263275417  0.162806883  0.068610637  0.245305736  0.174840533  0.295176360  0.116548831  0.112411012  0.149074178 -0.042839334  0.031127908 -0.023462058
-0.141032430 -0.226991548 -0.180169391  0.218119530 -0.224301470 -0.037942623  0.050057505  0.079707230  0.316648683  0.499437117 -0.093233804  0.080971687  0.070366492  0.716073451  0.717993635  0.621217780 -0.421202361  0.088668775 -0.580263959 -0.063933368  0.055311980 -0.041692508  0.017978043 -0.045387385 -0.366277275  0.542019080 -0.345813964  0.573809327  1.000000000  0.761710279  0.109935140  0.520344284  0.418250337  0.488359553  0.371498819  0.211422422  0.166060948 -0.021443068  0.276567199  0.248838701  0.110242404  0.272558472
-0.033520601 -0.019407326  0.026881321  0.105169905 -0.141109622  0.227562501  0.191169608  0.224798652  0.097445433  0.339153587 -0.118167019 -0.023084644  0.293120125  0.682201627  0.848001044  0.832262315 -0.208706933 -0.161210557 -0.451912959  0.045683826  0.001005947  0.069552714 -0.052983331 -0.075928438 -0.135599360  0.544571770 -0.173705878  0.719547233  0.761710279  1.000000000  0.195652344  0.609851426  0.157325637  0.303523149  0.473796982  0.372646672  0.258943662 -0.022713692  0.413614277  0.379277297  0.017357588  0.137476477
-0.006661292  0.019977952 -0.008248409  0.043899394 -0.331251201  0.045583491  0.012277015  0.597183371 -0.028275477  0.339467124 -0.093436511  0.024760675 -0.134030990 -0.160950918  0.091613921  0.009804866  0.337910519 -0.009103312  0.148504429  0.500607992  0.321436896  0.127756783  0.026509580  0.530546077 -0.134324472  0.357208894 -0.362151201 -0.263275417  0.109935140  0.195652344  1.000000000  0.741079562  0.122924471 -0.011395852  0.382949333  0.198806672  0.481586776 -0.159974057  0.427152731  0.636728951 -0.198118432  0.210497588
-0.179261708 -0.099526561 -0.158900172 -0.004044889 -0.473485497  0.012329104  0.091769237  0.554291561  0.080672329  0.644341879 -0.051725932  0.111578534  0.048569254  0.250715842  0.455084267  0.413031641 -0.003042867 -0.089850941 -0.178426357  0.433838708  0.265511809  0.009649714 -0.006596216  0.392103889 -0.198310013  0.754546286 -0.427207384  0.162806883  0.520344284  0.609851426  0.741079562  1.000000000  0.257321631  0.227259574  0.633422462  0.373800577  0.674455829 -0.115933562  0.673310347  0.697937198 -0.055067608  0.232232586
-0.140993044 -0.190995538  0.010808719  0.542083296 -0.210254759 -0.316659927  0.106496314 -0.258345149 -0.054936815  0.232315813  0.336269662  0.297374869 -0.258092768  0.161176282  0.164679207 -0.010837047 -0.292851814  0.376387832 -0.692519030 -0.115040211  0.186046652 -0.257892019 -0.278753964 -0.279918702 -0.745575900  0.133986477 -0.464922164  0.068610637  0.418250337  0.157325637  0.122924471  0.257321631  1.000000000  0.780700293  0.245790843 -0.206845826 -0.004846652 -0.091973336 -0.046450406 -0.007709858  0.107145518  0.145542430
-0.149687984 -0.137710324  0.095550686  0.449352156 -0.091987344 -0.381923843  0.355339775 -0.277172753 -0.057121943  0.291325274  0.072790984  0.058263857 -0.003742596  0.271077261  0.214543042  0.100394646 -0.228168681  0.462002139 -0.815851441 -0.221126330  0.002359763 -0.111376010 -0.219881801 -0.300104717 -0.751731248  0.247844371 -0.527118428  0.245305736  0.488359553  0.303523149 -0.011395852  0.227259574  0.780700293  1.000000000  0.302557988  0.046233356 -0.005079552 -0.084366003  0.038995548  0.090994818  0.140206904  0.159045603
-0.348760787 -0.263933955 -0.296341178 -0.065625856 -0.222751975 -0.218505019 -0.115596733  0.412665561  0.105878287  0.408033715 -0.096911818 -0.051063978  0.064059063  0.253194343  0.333442620  0.424628466 -0.068384884  0.078401735 -0.148122004  0.539210268  0.578953923  0.131774614 -0.064122185  0.142138552 -0.169955912  0.576006825  0.022755764  0.174840533  0.371498819  0.473796982  0.382949333  0.633422462  0.245790843  0.302557988  1.000000000  0.655610869  0.625854136 -0.216162384  0.605593774  0.449841918  0.082724158  0.171045519
 0.027217845 -0.139294527 -0.026443305 -0.050164029  0.115767237  0.149127164  0.167274724  0.367274425  0.072315191  0.231272913 -0.298258618 -0.317986925  0.345966602  0.206045217  0.236229391  0.367351766  0.138590182  0.020161308 -0.009108904  0.398581695  0.293431858  0.343723713  0.025781065  0.090494732  0.115344291  0.360859420  0.118968797  0.295176360  0.211422422  0.372646672  0.198806672  0.373800577 -0.206845826  0.046233356  0.655610869  1.000000000  0.576472107 -0.202582806  0.489817028  0.333067616 -0.103939846  0.125452661
-0.289680318 -0.070404203 -0.275601968 -0.212274079 -0.147986930 -0.070499157 -0.059553218  0.537417783  0.081934784  0.554792270 -0.063160839  0.007241780  0.105983682  0.131453339  0.062735947  0.318737756 -0.085889854 -0.080664801  0.031396291  0.524602473  0.477789886  0.049107421  0.051994879  0.497320121  0.126120868  0.640027101  0.021302816  0.116548831  0.166060948  0.258943662  0.481586776  0.674455829 -0.004846652 -0.005079552  0.625854136  0.576472107  1.000000000 -0.229580884  0.667434119  0.451521206  0.004473948  0.093432001
-0.005176575  0.076881935 -0.037673358 -0.103617763  0.122417734  0.243753580 -0.011148913  0.063567770  0.030550381 -0.129665591 -0.062879144  0.131957740 -0.170340776  0.125323263 -0.070689609  0.038599179 -0.249769027 -0.161146274 -0.052686324 -0.007074121 -0.131413191 -0.140620507 -0.140770672  0.035335200  0.194556140 -0.047544772  0.108509608  0.112411012 -0.021443068 -0.022713692 -0.159974057 -0.115933562 -0.091973336 -0.084366003 -0.216162384 -0.202582806 -0.229580884  1.000000000 -0.154042591 -0.140762723 -0.202532350 -0.077105565
-0.120123120  0.124139039 -0.108287884 -0.280479812 -0.143601864 -0.026396142  0.063768544  0.493176190  0.228151285  0.696453463 -0.268063630 -0.189618890  0.141436873  0.238359557  0.256087037  0.328561586  0.002965624 -0.313047135  0.104224497  0.411139789  0.367067349  0.139219023  0.190197144  0.497608138  0.122068993  0.773178441 -0.223911130  0.149074178  0.276567199  0.413614277  0.427152731  0.673310347 -0.046450406  0.038995548  0.605593774  0.489817028  0.667434119 -0.154042591  1.000000000  0.740553950  0.019066351  0.202953182
 0.118679577  0.188261531  0.106088931 -0.014744815 -0.254142151 -0.089157161  0.101944554  0.497876453  0.155507896  0.471748591 -0.251902473 -0.092601103  0.273097802 -0.020093327  0.277756652  0.210884038  0.245560905 -0.133741356  0.101905245  0.402189238  0.135628823  0.168488136  0.144613877  0.489005860 -0.065209394  0.668712045 -0.406323057 -0.042839334  0.248838701  0.379277297  0.636728951  0.697937198 -0.007709858  0.090994818  0.449841918  0.333067616  0.451521206 -0.140762723  0.740553950  1.000000000 -0.017695378  0.194546843
-0.272588109 -0.208133441 -0.211643342 -0.123593257 -0.038135572 -0.270294759 -0.235418700 -0.169626433  0.047616704  0.107514761  0.102128865  0.288152698 -0.079589823  0.101447261 -0.064479436  0.064936083 -0.295109406  0.006182499 -0.127566421 -0.053386764  0.081531487 -0.163562007 -0.057961230 -0.010406492  0.031083452  0.172393329  0.103592671  0.031127908  0.110242404  0.017357588 -0.198118432 -0.055067608  0.107145518  0.140206904  0.082724158 -0.103939846  0.004473948 -0.202532350  0.019066351 -0.017695378  1.000000000 -0.032570840
-0.075217796 -0.146347336 -0.010523326  0.155161839 -0.130848193 -0.062018935 -0.049932971  0.029317872  0.217908780  0.308797384 -0.130647946 -0.143948387  0.112866157  0.123458336  0.160354515  0.065891480 -0.057900424  0.013429918 -0.068189559  0.170571157  0.194755856  0.173396182  0.005047810 -0.017889592 -0.202306904  0.202216577 -0.197872571 -0.023462058  0.272558472  0.137476477  0.210497588  0.232232586  0.145542430  0.159045603  0.171045519  0.125452661  0.093432001 -0.077105565  0.202953182  0.194546843 -0.032570840  1.000000000
