 1.0000000000  0.7463015859  0.7712547205  0.8049082191  0.6743829644  0.8042967023  0.7083917401  0.2581735485  0.4619699501  0.5292954969  0.7536136664  0.7506537447  0.6331082276 -0.0669200573 -0.3888805836 -0.2532469870  0.1576055668  0.0851083505 -0.3027000855  0.0577358937  0.0078499585  0.2970092555  0.7257746398  0.6836864782  0.4350543532  0.2591276969  0.3918786495 -0.0211500792 -0.2698573878 -0.1167439323 -0.1103748779  0.0571701743  0.1472824947  0.3680862386  0.1220534068  0.2160473433  0.3042148645 -0.2015426391  0.3627851183  0.2571844603  0.3137141321 -0.0863793259
 0.7463015859  1.0000000000  0.5667234003  0.7879647052  0.5287510298  0.8699361037  0.7122454278  0.3436363497  0.3905570190  0.5808517091  0.8514291030  0.8583970246  0.7817470449 -0.3106574529 -0.6249306964 -0.4263447232  0.3774602130  0.4732158690 -0.1589952716  0.3250014666  0.2210409801  0.3785051730  0.7831143155  0.6480182963  0.3706323438  0.2704277428  0.4238649782  0.0569428394 -0.5698055290 -0.2688802427 -0.2358191494  0.0127543439  0.2354705859  0.2995144481  0.2446387432  0.1395149399  0.1666022806 -0.3217801620  0.2596003881  0.1590395361  0.2706591210 -0.0093059947
 0.7712547205  0.5667234003  1.0000000000  0.7958353918  0.3900921106  0.5596345254  0.5852419214  0.2585354292  0.5151393969  0.4518106843  0.4180062613  0.6567804434  0.4276377119  0.1355519270  0.0329144739  0.0488504916 -0.2181293495 -0.0214616413 -0.4165834748  0.1598286186  0.1319055877  0.4378254257  0.6977829249  0.5489872310  0.4560894721  0.4397646794  0.2128334570  0.1561815514  0.1456138172 -0.0204236104  0.1327531332  0.1950014469  0.0643331052  0.3925384887  0.2733994387  0.4308888077  0.5050216592 -0.2134398458  0.3754759179  0.3752355062  0.5938056380  0.2712116103
 0.8049082191  0.7879647052  0.7958353918  1.0000000000  0.5866824022  0.6889136959  0.8028718937  0.3684126174  0.6074021562  0.5702822732  0.6312326545  0.8652687110  0.6195752653  0.0379067181 -0.2405442222 -0.1158659980  0.0207752254  0.2741762724 -0.5128575992  0.2445915314  0.2592907268  0.4926320254  0.8432485176  0.6580097095  0.5056862905  0.4355601582  0.4596938945  0.2344973796 -0.1598040632 -0.0418639951 -0.0017984770  0.1666664102  0.2207194606  0.4551642381  0.3585101511  0.3260192729  0.3863361394 -0.2711557391  0.4463168304  0.3428616259  0.4324028144  0.0897776219
 0.6743829644  0.5287510298  0.3900921106  0.5866824022  1.0000000000  0.7118889228  0.6359447019  0.1300855031  0.2934446693  0.2766612817  0.6017418815  0.4649384393  0.4951245830 -0.0464769226 -0.3932768443 -0.3178879899  0.2288376699  0.0548522413 -0.2234677458  0.0499453375 -0.0238383679  0.1045863459  0.4306249915  0.3962137834  0.3071997192  0.1930392927  0.4555441776 -0.1217614923 -0.3699590235 -0.1487478004 -0.1806816270 -0.0127325776  0.1214269630  0.1314111088 -0.0644975345  0.0343861910  0.0053888031  0.0158319486  0.3603790276  0.0613499725 -0.0061085195 -0.2195978434
 0.8042967023  0.8699361037  0.5596345254  0.6889136959  0.7118889228  1.0000000000  0.7577415485  0.3089779431  0.3392486131  0.5250806705  0.9020451652  0.7361214227  0.8109234554 -0.1932541547 -0.5350425100 -0.3882241805  0.4041316093  0.2683713282 -0.0407779017  0.1895402205  0.0387680772  0.2658511938  0.6486261200  0.6016505945  0.3427491397  0.2216970736  0.5052718765 -0.0239504224 -0.5334619993 -0.2018860178 -0.2876884284 -0.0015284347  0.2240019077  0.2611214935  0.0804409100  0.0570174496  0.1632781185 -0.3029954198  0.3054873389  0.1439621823  0.1981579346 -0.1607694388
 0.7083917401  0.7122454278  0.5852419214  0.8028718937  0.6359447019  0.7577415485  1.0000000000  0.6615444124  0.6971744608  0.5943309340  0.7137289064  0.8218383805  0.7382190779  0.1665588125 -0.1691141595  0.0597596421  0.2639540986  0.1146393730 -0.3716972354  0.4539671466  0.4217528423  0.5541272885  0.7723731952  0.5654489397  0.5679669514  0.5916122610  0.4745105069  0.4340571582 -0.1386524351  0.2728537107  0.1729058691  0.4018817601  0.3583436150  0.4344805190  0.4531691111  0.3978339863  0.4926558388 -0.5341748697  0.7223830826  0.5494392472  0.3544013210  0.0744741918
 0.2581735485  0.3436363497  0.2585354292  0.3684126174  0.1300855031  0.3089779431  0.6615444124  1.0000000000  0.7706881210  0.6035204208  0.3659370038  0.5597639837  0.5336842110  0.3327919051  0.1592177512  0.3326061045  0.2367769926 -0.0164877003 -0.3226491592  0.6620465178  0.6835756345  0.6926498120  0.5648951353  0.4472417139  0.6398776271  0.7494460342  0.2705554270  0.7851295800  0.1749974413  0.7072351883  0.4826400295  0.7046672862  0.5678685905  0.5091360287  0.6966993902  0.5979050102  0.6380459955 -0.7810715556  0.7314677171  0.7677100263  0.3033405247  0.2295198205
 0.4619699501  0.3905570190  0.5151393969  0.6074021562  0.2934446693  0.3392486131  0.6971744608  0.7706881210  1.0000000000  0.8149700946  0.3894249543  0.6951223310  0.4306004273  0.5870490028  0.2392160700  0.3233468668 -0.1945139245  0.1332270453 -0.7469818201  0.2681484848  0.5236210533  0.6842043529  0.8247459888  0.7005315343  0.8738103401  0.6411110690  0.4215922484  0.6219239630  0.2108021486  0.5871144741  0.2242130293  0.3944335034  0.6292136524  0.7609098726  0.5854776646  0.6397043145  0.6104397561 -0.5524787437  0.6752687246  0.5430083210  0.3541085769  0.1342660241
 0.5292954969  0.5808517091  0.4518106843  0.5702822732  0.2766612817  0.5250806705  0.5943309340  0.6035204208  0.8149700946  1.0000000000  0.6042689266  0.6925203126  0.6067153127  0.3226179927 -0.0809985347  0.0158555689 -0.0297987606  0.4042398226 -0.5893587816  0.0425690050  0.3730165315  0.6321616505  0.8350056620  0.9091850977  0.8726877056  0.4127965662  0.6358004464  0.4266156640 -0.1780537854  0.3113017200 -0.1492171009  0.1325981723  0.7743240283  0.8442729867  0.4472099580  0.4640325510  0.4005200271 -0.4714761384  0.3894662038  0.2925110814  0.2714088682 -0.0514422867
 0.7536136664  0.8514291030  0.4180062613  0.6312326545  0.6017418815  0.9020451652  0.7137289064  0.3659370038  0.3894249543  0.6042689266  1.0000000000  0.7623560635  0.8000013147 -0.1810810836 -0.5845817829 -0.3603173449  0.5116048581  0.2701136306 -0.1108200384  0.1814969034  0.1062934820  0.3953541336  0.6705973118  0.6845151315  0.3893405549  0.2386948197  0.4495178160  0.0723171309 -0.5892498977 -0.1077017300 -0.2768008595  0.0374681027  0.3230729550  0.3850633390  0.2555724175  0.1088653084  0.2198325547 -0.3750119184  0.3268465357  0.1993794643  0.1616160577 -0.1706259109
 0.7506537447  0.8583970246  0.6567804434  0.8652687110  0.4649384393  0.7361214227  0.8218383805  0.5597639837  0.6951223310  0.6925203126  0.7623560635  1.0000000000  0.7172010613  0.0374580635 -0.3099961630 -0.1549591249  0.2053596510  0.3844578249 -0.4203663809  0.3449716340  0.3907345624  0.5892135896  0.9122046482  0.7070949063  0.5263026371  0.4194522108  0.4273065011  0.3138817296 -0.2694332898  0.0577069530 -0.0596060175  0.1693278234  0.3209951044  0.4954931144  0.4633501081  0.3535857337  0.4311921859 -0.4994327662  0.4599051175  0.3776889822  0.3758160962  0.1010776996
 0.6331082276  0.7817470449  0.4276377119  0.6195752653  0.4951245830  0.8109234554  0.7382190779  0.5336842110  0.4306004273  0.6067153127  0.8000013147  0.7172010613  1.0000000000 -0.2214697199 -0.4316765244 -0.2791927829  0.5189589180  0.3216753514 -0.0957276505  0.3330092871  0.3870055609  0.4939391216  0.6184440607  0.6307119552  0.4756298073  0.3867987723  0.6458242888  0.2212065784 -0.4684586324  0.0172781376 -0.0993034337  0.2478363741  0.5361632306  0.3980387183  0.4117074677  0.2675689055  0.2979641160 -0.4452098260  0.4019402445  0.3790109241  0.2878730476  0.0035744963
-0.0669200573 -0.3106574529  0.1355519270  0.0379067181 -0.0464769226 -0.1932541547  0.1665588125  0.3327919051  0.5870490028  0.3226179927 -0.1810810836  0.0374580635 -0.2214697199  1.0000000000  0.7597611540  0.6754053234 -0.5798551896 -0.2246193564 -0.5941399032 -0.1476676722  0.0162773033  0.2471444804  0.1817034435  0.1730173831  0.4247664146  0.2328374750  0.0370479067  0.4464650887  0.6446387266  0.6835467498  0.2248469150  0.1669712862  0.2410069250  0.4718965308  0.1866502646  0.3686639635  0.4306473184 -0.2119428183  0.4020017406  0.2260895934  0.1451576290  0.0576789259
-0.3888805836 -0.6249306964  0.0329144739 -0.2405442222 -0.3932768443 -0.5350425100 -0.1691141595  0.1592177512  0.2392160700 -0.0809985347 -0.5845817829 -0.3099961630 -0.4316765244  0.7597611540  1.0000000000  0.7707192089 -0.6449571077 -0.3868975611 -0.2664739116 -0.0017092223  0.1135389178  0.1482564469 -0.1985934189 -0.2233424921  0.1307983372  0.2830684223 -0.2519384037  0.4152832046  0.9180355078  0.6247168778  0.5173982714  0.3483986854  0.0352015294  0.1967785967  0.2386793644  0.3348569351  0.3750669968 -0.1058746106  0.2467875456  0.3033716138  0.2538213408  0.3305044541
-0.2532469870 -0.4263447232  0.0488504916 -0.1158659980 -0.3178879899 -0.3882241805  0.0597596421  0.3326061045  0.3233468668  0.0158555689 -0.3603173449 -0.1549591249 -0.2791927829  0.6754053234  0.7707192089  1.0000000000 -0.3859203874 -0.4741222277 -0.2672416528  0.1909257709  0.2015756639  0.2506127677 -0.0393601838 -0.1218350110  0.1898072633  0.3965647638 -0.2930798684  0.6046873085  0.7893695908  0.7258192975  0.6606101556  0.5248577703  0.0104839032  0.2384843632  0.3727958876  0.3593783021  0.4303668351 -0.3401673951  0.4230527205  0.5138799610  0.3034546124  0.2809336793
 0.1576055668  0.3774602130 -0.2181293495  0.0207752254  0.2288376699  0.4041316093  0.2639540986  0.2367769926 -0.1945139245 -0.0297987606  0.5116048581  0.2053596510  0.5189589180 -0.5798551896 -0.6449571077 -0.3859203874  1.0000000000  0.0551783952  0.5346181935  0.3526018799  0.2510535332  0.0683816857 -0.0370386284 -0.0148334895 -0.2084941492  0.0387058189  0.1255594330  0.0224200038 -0.6194163150 -0.1088899413 -0.0384392665  0.1845877136  0.0135880170 -0.2245491152  0.1734750601 -0.2271757757 -0.0838996240 -0.3836347336  0.1009448983  0.2058893651 -0.1863126974 -0.1554935875
 0.0851083505  0.4732158690 -0.0214616413  0.2741762724  0.0548522413  0.2683713282  0.1146393730 -0.0164877003  0.1332270453  0.4042398226  0.2701136306  0.3844578249  0.3216753514 -0.2246193564 -0.3868975611 -0.4741222277  0.0551783952  1.0000000000 -0.0746686528 -0.1123048863  0.2144216540 -0.0076456705  0.3592129985  0.3107725221  0.1657450838 -0.2483263320  0.4686722138 -0.0777779408 -0.5181466297 -0.3167129752 -0.5402785394 -0.4150510599  0.3634906744  0.2318997296  0.0166462322 -0.1001845475 -0.2414609971 -0.0168470479 -0.2865850391 -0.3241858269  0.0030986042 -0.0576750985
-0.3027000855 -0.1589952716 -0.4165834748 -0.5128575992 -0.2234677458 -0.0407779017 -0.3716972354 -0.3226491592 -0.7469818201 -0.5893587816 -0.1108200384 -0.4203663809 -0.0957276505 -0.5941399032 -0.2664739116 -0.2672416528  0.5346181935 -0.0746686528  1.0000000000  0.0884585065 -0.1762574982 -0.5243007801 -0.6175798698 -0.5907656034 -0.7141752692 -0.3596967345 -0.3531582155 -0.3375272160 -0.2501371643 -0.3186335996 -0.0654617036 -0.1144644640 -0.4557490785 -0.6620681613 -0.3295844958 -0.5310606094 -0.3787507993  0.0003885603 -0.4011724339 -0.1840867021 -0.2265865185 -0.0376570838
 0.0577358937  0.3250014666  0.1598286186  0.2445915314  0.0499453375  0.1895402205  0.4539671466  0.6620465178  0.2681484848  0.0425690050  0.1814969034  0.3449716340  0.3330092871 -0.1476676722 -0.0017092223  0.1909257709  0.3526018799 -0.1123048863  0.0884585065  1.0000000000  0.6458128498  0.4764912901  0.2420654615 -0.0508815910  0.1389715500  0.7088221318 -0.1671281816  0.5445754688  0.1193375374  0.3153289555  0.6405707566  0.7254391203  0.0356112551 -0.0365235915  0.5840140179  0.4566153951  0.4488780120 -0.5417686198  0.5773291523  0.6758222393  0.3795285745  0.5061636818
 0.0078499585  0.2210409801  0.1319055877  0.2592907268 -0.0238383679  0.0387680772  0.4217528423  0.6835756345  0.5236210533  0.3730165315  0.1062934820  0.3907345624  0.3870055609  0.0162773033  0.1135389178  0.2015756639  0.2510535332  0.2144216540 -0.1762574982  0.6458128498  1.0000000000  0.6540626528  0.3738448252  0.1881607894  0.4608601654  0.6948708182  0.1766529500  0.6420674773  0.0907224386  0.4399968110  0.4980616681  0.6404356490  0.4703881950  0.3096429213  0.8025817093  0.5480042766  0.4438524288 -0.6099094752  0.5270398395  0.6686220660  0.3682701219  0.5070607435
 0.2970092555  0.3785051730  0.4378254257  0.4926320254  0.1045863459  0.2658511938  0.5541272885  0.6926498120  0.6842043529  0.6321616505  0.3953541336  0.5892135896  0.4939391216  0.2471444804  0.1482564469  0.2506127677  0.0683816857 -0.0076456705 -0.5243007801  0.4764912901  0.6540626528  1.0000000000  0.6139354217  0.5876522318  0.6606247621  0.7775998464  0.2833046675  0.6823660932  0.1163974998  0.4312364096  0.3547515471  0.5980539055  0.5396032874  0.6636472875  0.8576948851  0.7703181128  0.7406007439 -0.4949014992  0.6609764201  0.6841546956  0.5725248352  0.4532248553
 0.7257746398  0.7831143155  0.6977829249  0.8432485176  0.4306249915  0.6486261200  0.7723731952  0.5648951353  0.8247459888  0.8350056620  0.6705973118  0.9122046482  0.6184440607  0.1817034435 -0.1985934189 -0.0393601838 -0.0370386284  0.3592129985 -0.6175798698  0.2420654615  0.3738448252  0.6139354217  1.0000000000  0.8353949746  0.7527641857  0.5000797991  0.4596192961  0.3629533415 -0.1549539695  0.1446785356 -0.0227174334  0.1824794500  0.4775583042  0.6722843258  0.4487147732  0.4582840309  0.4398253895 -0.4551696802  0.4822039909  0.3657622797  0.3916630553  0.0630297654
 0.6836864782  0.6480182963  0.5489872310  0.6580097095  0.3962137834  0.6016505945  0.5654489397  0.4472417139  0.7005315343  0.9091850977  0.6845151315  0.7070949063  0.6307119552  0.1730173831 -0.2233424921 -0.1218350110 -0.0148334895  0.3107725221 -0.5907656034 -0.0508815910  0.1881607894  0.5876522318  0.8353949746  1.0000000000  0.7787477200  0.3446717552  0.5821602349  0.2441059316 -0.2528730804  0.1359251578 -0.2026653221  0.0784532047  0.6780883295  0.7966357431  0.3719473599  0.3889831666  0.3430489618 -0.3078900227  0.3165305832  0.2240716841  0.2732057034 -0.1246992839
 0.4350543532  0.3706323438  0.4560894721  0.5056862905  0.3071997192  0.3427491397  0.5679669514  0.6398776271  0.8738103401  0.8726877056  0.3893405549  0.5263026371  0.4756298073  0.4247664146  0.1307983372  0.1898072633 -0.2084941492  0.1657450838 -0.7141752692  0.1389715500  0.4608601654  0.6606247621  0.7527641857  0.7787477200  1.0000000000  0.6217291556  0.5698467174  0.5217605857  0.0797650171  0.4587950633  0.1227896965  0.3252079931  0.7961827675  0.8204111036  0.4969466783  0.6429179424  0.4702097863 -0.3695944135  0.5545043981  0.4351832874  0.2999814566  0.0779328801
 0.2591276969  0.2704277428  0.4397646794  0.4355601582  0.1930392927  0.2216970736  0.5916122610  0.7494460342  0.6411110690  0.4127965662  0.2386948197  0.4194522108  0.3867987723  0.2328374750  0.2830684223  0.3965647638  0.0387058189 -0.2483263320 -0.3596967345  0.7088221318  0.6948708182  0.7775998464  0.5000797991  0.3446717552  0.6217291556  1.0000000000  0.1025224669  0.7036181803  0.3514872043  0.5393102491  0.7065192475  0.8449032892  0.3810907538  0.4328328903  0.7577794611  0.6944977622  0.6691042919 -0.5562726615  0.8328238358  0.8461043226  0.5173946773  0.4605126850
 0.3918786495  0.4238649782  0.2128334570  0.4596938945  0.4555441776  0.5052718765  0.4745105069  0.2705554270  0.4215922484  0.6358004464  0.4495178160  0.4273065011  0.6458242888  0.0370479067 -0.2519384037 -0.2930798684  0.1255594330  0.4686722138 -0.3531582155 -0.1671281816  0.1766529500  0.2833046675  0.4596192961  0.5821602349  0.5698467174  0.1025224669  1.0000000000  0.1092345411 -0.4176798408  0.0027125443 -0.4015516452 -0.1067230695  0.6757278107  0.4957162598  0.0769159266  0.1224841547  0.0171482218 -0.0778953451  0.1683468030  0.0034313193 -0.0228889273 -0.2992160545
-0.0211500792  0.0569428394  0.1561815514  0.2344973796 -0.1217614923 -0.0239504224  0.4340571582  0.7851295800  0.6219239630  0.4266156640  0.0723171309  0.3138817296  0.2212065784  0.4464650887  0.4152832046  0.6046873085  0.0224200038 -0.0777779408 -0.3375272160  0.5445754688  0.6420674773  0.6823660932  0.3629533415  0.2441059316  0.5217605857  0.7036181803  0.1092345411  1.0000000000  0.4343808478  0.8053374733  0.6315231494  0.7516730225  0.4470981764  0.5726414780  0.7736880091  0.6013111894  0.6423607325 -0.6942450016  0.6324298368  0.7976764840  0.3931804584  0.3516371946
-0.2698573878 -0.5698055290  0.1456138172 -0.1598040632 -0.3699590235 -0.5334619993 -0.1386524351  0.1749974413  0.2108021486 -0.1780537854 -0.5892498977 -0.2694332898 -0.4684586324  0.6446387266  0.9180355078  0.7893695908 -0.6194163150 -0.5181466297 -0.2501371643  0.1193375374  0.0907224386  0.1163974998 -0.1549539695 -0.2528730804  0.0797650171  0.3514872043 -0.4176798408  0.4343808478  1.0000000000  0.6194236988  0.7020149897  0.4767316722 -0.1276139489  0.1159830241  0.2352152718  0.3449910438  0.4016044802 -0.1199481753  0.3018721192  0.4245991624  0.3011994004  0.3717565247
-0.1167439323 -0.2688802427 -0.0204236104 -0.0418639951 -0.1487478004 -0.2018860178  0.2728537107  0.7072351883  0.5871144741  0.3113017200 -0.1077017300  0.0577069530  0.0172781376  0.6835467498  0.6247168778  0.7258192975 -0.1088899413 -0.3167129752 -0.3186335996  0.3153289555  0.4399968110  0.4312364096  0.1446785356  0.1359251578  0.4587950633  0.5393102491  0.0027125443  0.8053374733  0.6194236988  1.0000000000  0.6262573738  0.6750890277  0.4140540398  0.4963093611  0.5537943396  0.4732774333  0.5492558944 -0.6035574877  0.6100327294  0.6849348996  0.1828385634  0.1714968508
-0.1103748779 -0.2358191494  0.1327531332 -0.0017984770 -0.1806816270 -0.2876884284  0.1729058691  0.4826400295  0.2242130293 -0.1492171009 -0.2768008595 -0.0596060175 -0.0993034337  0.2248469150  0.5173982714  0.6606101556 -0.0384392665 -0.5402785394 -0.0654617036  0.6405707566  0.4980616681  0.3547515471 -0.0227174334 -0.2026653221  0.1227896965  0.7065192475 -0.4015516452  0.6315231494  0.7020149897  0.6262573738  1.0000000000  0.8870875020 -0.0642860294  0.0420981318  0.5607230786  0.4537887217  0.4775416200 -0.4275940134  0.5867105310  0.8050235376  0.3655434356  0.4775155280
 0.0571701743  0.0127543439  0.1950014469  0.1666664102 -0.0127325776 -0.0015284347  0.4018817601  0.7046672862  0.3944335034  0.1325981723  0.0374681027  0.1693278234  0.2478363741  0.1669712862  0.3483986854  0.5248577703  0.1845877136 -0.4150510599 -0.1144644640  0.7254391203  0.6404356490  0.5980539055  0.1824794500  0.0784532047  0.3252079931  0.8449032892 -0.1067230695  0.7516730225  0.4767316722  0.6750890277  0.8870875020  1.0000000000  0.2243798023  0.2694025016  0.7424270105  0.5250592698  0.5720975207 -0.6050919899  0.7153523631  0.9250577471  0.4126607672  0.3923779552
 0.1472824947  0.2354705859  0.0643331052  0.2207194606  0.1214269630  0.2240019077  0.3583436150  0.5678685905  0.6292136524  0.7743240283  0.3230729550  0.3209951044  0.5361632306  0.2410069250  0.0352015294  0.0104839032  0.0135880170  0.3634906744 -0.4557490785  0.0356112551  0.4703881950  0.5396032874  0.4775583042  0.6780883295  0.7961827675  0.3810907538  0.6757278107  0.4470981764 -0.1276139489  0.4140540398 -0.0642860294  0.2243798023  1.0000000000  0.7299144207  0.4670682681  0.4385223857  0.2502676454 -0.3098867596  0.2978239221  0.2545278403  0.0927091933 -0.0462613103
 0.3680862386  0.2995144481  0.3925384887  0.4551642381  0.1314111088  0.2611214935  0.4344805190  0.5091360287  0.7609098726  0.8442729867  0.3850633390  0.4954931144  0.3980387183  0.4718965308  0.1967785967  0.2384843632 -0.2245491152  0.2318997296 -0.6620681613 -0.0365235915  0.3096429213  0.6636472875  0.6722843258  0.7966357431  0.8204111036  0.4328328903  0.4957162598  0.5726414780  0.1159830241  0.4963093611  0.0420981318  0.2694025016  0.7299144207  1.0000000000  0.5739175290  0.5617311766  0.5207458535 -0.3840100101  0.4065701610  0.4129677304  0.4033690090  0.0480648863
 0.1220534068  0.2446387432  0.2733994387  0.3585101511 -0.0644975345  0.0804409100  0.4531691111  0.6966993902  0.5854776646  0.4472099580  0.2555724175  0.4633501081  0.4117074677  0.1866502646  0.2386793644  0.3727958876  0.1734750601  0.0166462322 -0.3295844958  0.5840140179  0.8025817093  0.8576948851  0.4487147732  0.3719473599  0.4969466783  0.7577794611  0.0769159266  0.7736880091  0.2352152718  0.5537943396  0.5607230786  0.7424270105  0.4670682681  0.5739175290  1.0000000000  0.6529368995  0.6697327434 -0.6394625267  0.6204708144  0.8034246489  0.5618034171  0.4926714371
 0.2160473433  0.1395149399  0.4308888077  0.3260192729  0.0343861910  0.0570174496  0.3978339863  0.5979050102  0.6397043145  0.4640325510  0.1088653084  0.3535857337  0.2675689055  0.3686639635  0.3348569351  0.3593783021 -0.2271757757 -0.1001845475 -0.5310606094  0.4566153951  0.5480042766  0.7703181128  0.4582840309  0.3889831666  0.6429179424  0.6944977622  0.1224841547  0.6013111894  0.3449910438  0.4732774333  0.4537887217  0.5250592698  0.4385223857  0.5617311766  0.6529368995  1.0000000000  0.8460810919 -0.2902961822  0.6434145572  0.6306182941  0.7059568597  0.6887984142
 0.3042148645  0.1666022806  0.5050216592  0.3863361394  0.0053888031  0.1632781185  0.4926558388  0.6380459955  0.6104397561  0.4005200271  0.2198325547  0.4311921859  0.2979641160  0.4306473184  0.3750669968  0.4303668351 -0.0838996240 -0.2414609971 -0.3787507993  0.4488780120  0.4438524288  0.7406007439  0.4398253895  0.3430489618  0.4702097863  0.6691042919  0.0171482218  0.6423607325  0.4016044802  0.5492558944  0.4775416200  0.5720975207  0.2502676454  0.5207458535  0.6697327434  0.8460810919  1.0000000000 -0.4896603165  0.7261450686  0.7471496444  0.7837876898  0.6350084587
-0.2015426391 -0.3217801620 -0.2134398458 -0.2711557391  0.0158319486 -0.3029954198 -0.5341748697 -0.7810715556 -0.5524787437 -0.4714761384 -0.3750119184 -0.4994327662 -0.4452098260 -0.2119428183 -0.1058746106 -0.3401673951 -0.3836347336 -0.0168470479  0.0003885603 -0.5417686198 -0.6099094752 -0.4949014992 -0.4551696802 -0.3078900227 -0.3695944135 -0.5562726615 -0.0778953451 -0.6942450016 -0.1199481753 -0.6035574877 -0.4275940134 -0.6050919899 -0.3098867596 -0.3840100101 -0.6394625267 -0.2902961822 -0.4896603165  1.0000000000 -0.5303873103 -0.7114090746 -0.2783752803 -0.1439539166
 0.3627851183  0.2596003881  0.3754759179  0.4463168304  0.3603790276  0.3054873389  0.7223830826  0.7314677171  0.6752687246  0.3894662038  0.3268465357  0.4599051175  0.4019402445  0.4020017406  0.2467875456  0.4230527205  0.1009448983 -0.2865850391 -0.4011724339  0.5773291523  0.5270398395  0.6609764201  0.4822039909  0.3165305832  0.5545043981  0.8328238358  0.1683468030  0.6324298368  0.3018721192  0.6100327294  0.5867105310  0.7153523631  0.2978239221  0.4065701610  0.6204708144  0.6434145572  0.7261450686 -0.5303873103  1.0000000000  0.8009332234  0.4897191368  0.3270998676
 0.2571844603  0.1590395361  0.3752355062  0.3428616259  0.0613499725  0.1439621823  0.5494392472  0.7677100263  0.5430083210  0.2925110814  0.1993794643  0.3776889822  0.3790109241  0.2260895934  0.3033716138  0.5138799610  0.2058893651 -0.3241858269 -0.1840867021  0.6758222393  0.6686220660  0.6841546956  0.3657622797  0.2240716841  0.4351832874  0.8461043226  0.0034313193  0.7976764840  0.4245991624  0.6849348996  0.8050235376  0.9250577471  0.2545278403  0.4129677304  0.8034246489  0.6306182941  0.7471496444 -0.7114090746  0.8009332234  1.0000000000  0.5793525747  0.4588580414
 0.3137141321  0.2706591210  0.5938056380  0.4324028144 -0.0061085195  0.1981579346  0.3544013210  0.3033405247  0.3541085769  0.2714088682  0.1616160577  0.3758160962  0.2878730476  0.1451576290  0.2538213408  0.3034546124 -0.1863126974  0.0030986042 -0.2265865185  0.3795285745  0.3682701219  0.5725248352  0.3916630553  0.2732057034  0.2999814566  0.5173946773 -0.0228889273  0.3931804584  0.3011994004  0.1828385634  0.3655434356  0.4126607672  0.0927091933  0.4033690090  0.5618034171  0.7059568597  0.7837876898 -0.2783752803  0.4897191368  0.5793525747  1.0000000000  0.7433259995
-0.0863793259 -0.0093059947  0.2712116103  0.0897776219 -0.2195978434 -0.1607694388  0.0744741918  0.2295198205  0.1342660241 -0.0514422867 -0.1706259109  0.1010776996  0.0035744963  0.0576789259  0.3305044541  0.2809336793 -0.1554935875 -0.0576750985 -0.0376570838  0.5061636818  0.5070607435  0.4532248553  0.0630297654 -0.1246992839  0.0779328801  0.4605126850 -0.2992160545  0.3516371946  0.3717565247  0.1714968508  0.4775155280  0.3923779552 -0.0462613103  0.0480648863  0.4926714371  0.6887984142  0.6350084587 -0.1439539166  0.3270998676  0.4588580414  0.7433259995  1.0000000000
