 1.0000000000 -0.1328888554  0.7563208289 -0.1300265946 -0.0237661115  0.4966249475  0.5333230356 -0.2248507658  0.1899456719 -0.0184051992 -0.2376702549  0.3303771680  0.1518058886  0.4043648182  0.3443567981  0.5421132874  0.3046041059  0.1968295135  0.0505050734  0.0615118263  0.1951317327  0.0707712644  0.4959347705  0.3722768954  0.5207570182  0.4546560408  0.3604531863  0.6166100725  0.3482270380  0.6106756657  0.5546569777  0.5024367485  0.2730011304  0.3787980778  0.3675193090  0.4158878152  0.3101061858  0.2406775948  0.3870160902  0.3888043379  0.1076254437  0.0674520274
-0.1328888554  1.0000000000 -0.1280183329 -0.2994062011 -0.1120825184 -0.0611871668 -0.3790371727  0.3626638788  0.0558409621  0.3000690139  0.3458893256  0.0562566592  0.2620040817  0.1605421739  0.1105472185  0.1104979318 -0.1276186918 -0.3115611612 -0.2807867003  0.3330763206  0.1952989853  0.3051008835  0.0535462170  0.1109347219  0.1392906168  0.1821545250  0.2028673530  0.0983517747  0.1770325622 -0.0906801399 -0.2072196597  0.1527144661  0.0583368377 -0.1344817936  0.1501376140  0.1579444863  0.3021572741 -0.2954567609  0.2647821602  0.2015768586  0.2470422246  0.2968651534
 0.7563208289 -0.1280183329  1.0000000000  0.1231196661  0.2371846649  0.4550120555  0.5552054957 -0.3968626170  0.0646652650 -0.1121654347 -0.1578527860  0.0254896154  0.1278732547  0.2484574096  0.1121326898  0.2979305009  0.1956071511  0.0997234199 -0.0933011214 -0.2891762552  0.0800309085  0.1006345976  0.3060007468  0.2847679523  0.3274977354  0.4214219907  0.3448488829  0.3386268061 -0.0065427954  0.2546114530  0.2791698076  0.3317254652  0.1596086363  0.3126349077  0.2340411286  0.3903176352  0.3260919172  0.4069808137  0.3164614155  0.1011669897  0.3905570740 -0.0697042172
-0.1300265946 -0.2994062011  0.1231196661  1.0000000000  0.3473700465 -0.3415699443 -0.0553752178 -0.2164037720  0.1896241692 -0.1157939505  0.0670135422 -0.3418878939  0.0024179613 -0.2467218751 -0.2098348946 -0.2982755097  0.0736580718 -0.0332317563  0.0613287242 -0.2918668341 -0.0800644046 -0.1905095683 -0.0508451472 -0.0962831974 -0.1920114697 -0.2101983386  0.1563470149 -0.2324826081 -0.3926834157 -0.2869320128 -0.1603201643 -0.2913179911 -0.1316308184 -0.0521123667 -0.2946472267 -0.0722228519 -0.0791803313  0.4768294970 -0.2977578878 -0.4138112731  0.2057425358 -0.7758829703
-0.0237661115 -0.1120825184  0.2371846649  0.3473700465  1.0000000000  0.1662881053  0.2810491088 -0.2280393943 -0.3587126986 -0.4360033799  0.0934436201  0.0654645447  0.0069273625 -0.0121037981 -0.0388364458  0.0411001318 -0.1514136600 -0.2802080477 -0.1224355027 -0.3200118016 -0.3557040116 -0.1655944693 -0.2995397927 -0.2517534891 -0.1752394069 -0.0086791450  0.0675665403  0.0763473182 -0.2224229437 -0.1457706360 -0.3054829217 -0.0894101371 -0.3176307721 -0.2423387509 -0.0877073893 -0.1410087557 -0.1436410854  0.0896470129 -0.0537549153 -0.1883521727 -0.0476261332 -0.2622885556
 0.4966249475 -0.0611871668  0.4550120555 -0.3415699443  0.1662881053  1.0000000000  0.7596615602 -0.2223587370 -0.2716555797 -0.1537618068 -0.1427161353  0.2158759551  0.1392258210  0.3034227604  0.1584729959  0.3797511661 -0.3468027724 -0.0131462836 -0.3622660210 -0.0980935618  0.0821257200  0.2703700982  0.1360847655  0.0549314763  0.2105555597  0.3730372557 -0.0513655382  0.4214813631  0.1961726249  0.3650651115  0.0638715839  0.2307717279 -0.0095679345 -0.0644481536  0.1499611894  0.0507077325  0.1086631821  0.0333667507  0.3759016185  0.2415466301 -0.1258125050  0.2106316026
 0.5333230356 -0.3790371727  0.5552054957 -0.0553752178  0.2810491088  0.7596615602  1.0000000000 -0.4520545154 -0.3708067962 -0.5412039973 -0.2106625136  0.1007911162  0.0765016689  0.2307331956  0.0857649232  0.2907704286 -0.1797787714  0.1271042453 -0.0826005565 -0.3538729180 -0.2226955731 -0.0544279332  0.1043059226 -0.0585507149  0.1174535519  0.2288866313  0.0147035381  0.3847225213 -0.0007807237  0.3345857686  0.0845985960  0.1503597312 -0.2351685690 -0.0397018312  0.0221747789 -0.1611834578 -0.2182227603  0.1955744328  0.1316986541  0.0635640403 -0.1842450979 -0.0204616852
-0.2248507658  0.3626638788 -0.3968626170 -0.2164037720 -0.2280393943 -0.2223587370 -0.4520545154  1.0000000000  0.2429862415  0.4812184249 -0.1692470282  0.3612914352 -0.1177090154  0.2318370264  0.0809274470  0.1667407720  0.0878276530 -0.0908713461  0.1884793793  0.6111165915  0.2914077204 -0.0911627553  0.1766045466  0.2412420207  0.0632070388 -0.0379075460 -0.1560128800  0.1106528893  0.4305975677  0.2435051388  0.1218606198  0.1863299309  0.2943339794  0.0021225536  0.1247748921 -0.1886197362 -0.1018299983 -0.2064458947  0.1321882079  0.3541950018 -0.0334055464  0.2098157512
 0.1899456719  0.0558409621  0.0646652650  0.1896241692 -0.3587126986 -0.2716555797 -0.3708067962  0.2429862415  1.0000000000  0.7298151248 -0.1191430306  0.2022844110  0.2596455566 -0.0012603111  0.2407602615  0.1216856939  0.3918083086  0.2102524797  0.1528406152  0.4070760954  0.6786406930  0.2203945826  0.6190411321  0.5715757261  0.4273216322  0.1471044451  0.2237106443  0.0035371717  0.3034411108  0.1495856912  0.3156144480  0.0381738707  0.3908570725  0.3277035580  0.2636598898  0.3764669892  0.4133167022  0.1277496848  0.0457828226  0.1980346467  0.2619315251 -0.1568983288
-0.0184051992  0.3000690139 -0.1121654347 -0.1157939505 -0.4360033799 -0.1537618068 -0.5412039973  0.4812184249  0.7298151248  1.0000000000 -0.0358116498  0.1306948444  0.1027947225  0.0199207723  0.0766878670  0.0460746141  0.1736032253  0.1564428944 -0.1264600951  0.4546124409  0.7204242089  0.3932201084  0.4468826892  0.5624229652  0.3146151819  0.1419921183 -0.0238368675 -0.0885978463  0.3391057366  0.1257814133  0.2825525486  0.1157887789  0.6187682593  0.2684809363  0.2487806802  0.3851140277  0.4683143181 -0.1414645307  0.1645424006  0.3022364100  0.2648516202  0.1339110157
-0.2376702549  0.3458893256 -0.1578527860  0.0670135422  0.0934436201 -0.1427161353 -0.2106625136 -0.1692470282 -0.1191430306 -0.0358116498  1.0000000000 -0.2415764835  0.1474238183  0.0176534115  0.0766738619 -0.0495487927 -0.1719256855 -0.1977955162 -0.2436230131 -0.1240013814 -0.1202361426  0.0993199222 -0.1297610351 -0.1412094395 -0.0503399593 -0.1027400339  0.1268341517 -0.0851384474 -0.1793244096 -0.2178766643 -0.2919956726 -0.1994647799 -0.0905342102 -0.1677255676 -0.0446737724  0.0874294889  0.1067190171 -0.0355377724 -0.1857083376 -0.2251084092  0.0415466109 -0.1155893644
 0.3303771680  0.0562566592  0.0254896154 -0.3418878939  0.0654645447  0.2158759551  0.1007911162  0.3612914352  0.2022844110  0.1306948444 -0.2415764835  1.0000000000  0.2701457208  0.3923627911  0.5531093848  0.6130671058  0.0633468909  0.1210857870  0.3070250417  0.5416806426  0.3525604338  0.1559650944  0.4095106143  0.4466063547  0.5686346135  0.4767701636  0.2218007545  0.6173827159  0.7146554916  0.5997454657  0.4889078505  0.5531589189  0.2370892644  0.3405418191  0.3983329567  0.1032986897  0.1533874480 -0.2094262757  0.4457595966  0.6481672542 -0.2207222182  0.2001663025
 0.1518058886  0.2620040817  0.1278732547  0.0024179613  0.0069273625  0.1392258210  0.0765016689 -0.1177090154  0.2596455566  0.1027947225  0.1474238183  0.2701457208  1.0000000000  0.4296947477  0.6037224733  0.4477894258 -0.0026433187  0.1159085639 -0.1348021984  0.3715789566  0.4374927480  0.6000619893  0.3248483204  0.4301871325  0.6110566436  0.5872094898  0.6283521997  0.3136306181  0.3206813014  0.1608680114 -0.0568301665  0.2867465218 -0.0500236897  0.0704369672  0.4437010132  0.2750523228  0.4371962151  0.0827790335  0.2227907638  0.2622099979  0.0019509891 -0.1351594955
 0.4043648182  0.1605421739  0.2484574096 -0.2467218751 -0.0121037981  0.3034227604  0.2307331956  0.2318370264 -0.0012603111  0.0199207723  0.0176534115  0.3923627911  0.4296947477  1.0000000000  0.6974263923  0.8160506090  0.0090517083  0.0380315125 -0.0591357379  0.2313328125  0.1499744696  0.1208081620  0.3893703512  0.2904885057  0.4105940094  0.4081104573  0.4703609368  0.5953412252  0.4577514238  0.5665808872  0.1143714050  0.4368952993  0.1883012124  0.0682123618  0.3352454178 -0.0257758228  0.1006590924  0.0428373226  0.2128943775  0.3793519891 -0.2558586370  0.1660023701
 0.3443567981  0.1105472185  0.1121326898 -0.2098348946 -0.0388364458  0.1584729959  0.0857649232  0.0809274470  0.2407602615  0.0766878670  0.0766738619  0.5531093848  0.6037224733  0.6974263923  1.0000000000  0.8402583253 -0.0054488447  0.1159682125  0.1744829876  0.3849896003  0.3084713431  0.3617814158  0.4508474875  0.3118002839  0.5804093857  0.4517467705  0.5524462395  0.5907495813  0.6972845338  0.5614183417  0.2163074914  0.3766004607  0.1127063912  0.1937634883  0.5192978811  0.2193223395  0.2983171324 -0.0698595637  0.1548829200  0.3146749562 -0.3431250857  0.0494768552
 0.5421132874  0.1104979318  0.2979305009 -0.2982755097  0.0411001318  0.3797511661  0.2907704286  0.1667407720  0.1216856939  0.0460746141 -0.0495487927  0.6130671058  0.4477894258  0.8160506090  0.8402583253  1.0000000000  0.0339961575  0.1086523205  0.0524837286  0.3198271722  0.2043555507  0.1951676457  0.5502838666  0.3454376211  0.5915521046  0.5038742554  0.5301206980  0.8174555952  0.6956095755  0.7433881333  0.3214950860  0.5564154847  0.2207803515  0.2079047359  0.4895208126  0.1337832551  0.1969329092 -0.0297816313  0.3698484843  0.5245923537 -0.2733410756  0.1929795564
 0.3046041059 -0.1276186918  0.1956071511  0.0736580718 -0.1514136600 -0.3468027724 -0.1797787714  0.0878276530  0.3918083086  0.1736032253 -0.1719256855  0.0633468909 -0.0026433187  0.0090517083 -0.0054488447  0.0339961575  1.0000000000  0.4513187702  0.3962831450  0.1579974198  0.0214680746 -0.2875573701  0.3227193352  0.3309556153  0.2197683532  0.0239504361  0.0745946217  0.0013513344  0.1764968709  0.1902356636  0.4130449481  0.1761368739  0.1306365382  0.3646907453  0.2499168951  0.1868430391 -0.0381688669  0.0812356879 -0.1064543364  0.2516574802  0.1601089645 -0.0628889966
 0.1968295135 -0.3115611612  0.0997234199 -0.0332317563 -0.2802080477 -0.0131462836  0.1271042453 -0.0908713461  0.2102524797  0.1564428944 -0.1977955162  0.1210857870  0.1159085639  0.0380315125  0.1159682125  0.1086523205  0.4513187702  1.0000000000  0.2224028927 -0.0841153011  0.0434765733  0.0241008006  0.4782224756  0.4160617974  0.3174453291  0.1960177900 -0.0976761430 -0.0297786466  0.3717699234  0.3519284783  0.4879336200  0.1752999525  0.1730588596  0.4104718339  0.2400564305  0.0317612020 -0.0959826093  0.0690557279 -0.1652315996  0.0863758134 -0.2323690720 -0.0268537088
 0.0505050734 -0.2807867003 -0.0933011214  0.0613287242 -0.1224355027 -0.3622660210 -0.0826005565  0.1884793793  0.1528406152 -0.1264600951 -0.2436230131  0.3070250417 -0.1348021984 -0.0591357379  0.1744829876  0.0524837286  0.3962831450  0.2224028927  1.0000000000  0.2256969460  0.0197296357 -0.2907635669  0.1334697574  0.0926368763  0.1083413560 -0.1229894350 -0.0529244307  0.1277501360  0.3013114380  0.3000200029  0.4214876044  0.1288302516 -0.0521422799  0.3838128834  0.0461438672 -0.1149221241 -0.2867199498 -0.0163190607 -0.0963777855  0.1831061243 -0.1249188283 -0.0602986044
 0.0615118263  0.3330763206 -0.2891762552 -0.2918668341 -0.3200118016 -0.0980935618 -0.3538729180  0.6111165915  0.4070760954  0.4546124409 -0.1240013814  0.5416806426  0.3715789566  0.2313328125  0.3849896003  0.3198271722  0.1579974198 -0.0841153011  0.2256969460  1.0000000000  0.6717252088  0.4174073377  0.3227586974  0.5515572302  0.5860968763  0.4522459489  0.2044803588  0.3740796392  0.6187207808  0.3048495400  0.2713061300  0.4438896876  0.2495250036  0.2137724502  0.3577857919  0.3111009166  0.4019630901 -0.1930560125  0.4583805843  0.6371211359  0.0338230362  0.2382054250
 0.1951317327  0.1952989853  0.0800309085 -0.0800644046 -0.3557040116  0.0821257200 -0.2226955731  0.2914077204  0.6786406930  0.7204242089 -0.1202361426  0.3525604338  0.4374927480  0.1499744696  0.3084713431  0.2043555507  0.0214680746  0.0434765733  0.0197296357  0.6717252088  1.0000000000  0.6867890248  0.4831753727  0.7315034833  0.6456432185  0.5487036310  0.2600231439  0.2196935589  0.4348512305  0.2143808225  0.3207645561  0.3490170384  0.5034865925  0.4062895703  0.3189104013  0.5373034533  0.6798138639  0.0065845608  0.4303048164  0.4292376469  0.2594834381  0.0696011544
 0.0707712644  0.3051008835  0.1006345976 -0.1905095683 -0.1655944693  0.2703700982 -0.0544279332 -0.0911627553  0.2203945826  0.3932201084  0.0993199222  0.1559650944  0.6000619893  0.1208081620  0.3617814158  0.1951676457 -0.2875573701  0.0241008006 -0.2907635669  0.4174073377  0.6867890248  1.0000000000  0.2533284506  0.4866782362  0.5856998455  0.7115574776  0.3178175147  0.1922330977  0.3369107441  0.0574572727  0.1102309535  0.3985995942  0.3386938194  0.3303844818  0.3752550136  0.5580551117  0.7210919292 -0.0803134318  0.4912704407  0.2826173127  0.2357895236  0.1625810138
 0.4959347705  0.0535462170  0.3060007468 -0.0508451472 -0.2995397927  0.1360847655  0.1043059226  0.1766045466  0.6190411321  0.4468826892 -0.1297610351  0.4095106143  0.3248483204  0.3893703512  0.4508474875  0.5502838666  0.3227193352  0.4782224756  0.1334697574  0.3227586974  0.4831753727  0.2533284506  1.0000000000  0.7132685012  0.7172163032  0.5065421932  0.2507005917  0.5045561341  0.6282869072  0.6466476801  0.5419851203  0.4758246640  0.4346752814  0.4916094508  0.4580038731  0.2415281572  0.2791157775  0.1145847857  0.3328797848  0.5029486481  0.0854331374 -0.0224873950
 0.3722768954  0.1109347219  0.2847679523 -0.0962831974 -0.2517534891  0.0549314763 -0.0585507149  0.2412420207  0.5715757261  0.5624229652 -0.1412094395  0.4466063547  0.4301871325  0.2904885057  0.3118002839  0.3454376211  0.3309556153  0.4160617974  0.0926368763  0.5515572302  0.7315034833  0.4866782362  0.7132685012  1.0000000000  0.8136214305  0.7277871727  0.2453164893  0.3048865953  0.5349046556  0.4004613369  0.5143940263  0.5367936156  0.4417924478  0.5278074787  0.3611462894  0.5177225576  0.5413768949  0.0754584374  0.4422069105  0.5413755801  0.1982998793  0.1129122562
 0.5207570182  0.1392906168  0.3274977354 -0.1920114697 -0.1752394069  0.2105555597  0.1174535519  0.0632070388  0.4273216322  0.3146151819 -0.0503399593  0.5686346135  0.6110566436  0.4105940094  0.5804093857  0.5915521046  0.2197683532  0.3174453291  0.1083413560  0.5860968763  0.6456432185  0.5856998455  0.7172163032  0.8136214305  1.0000000000  0.8510073400  0.5098465434  0.6318011850  0.6699058702  0.5434041240  0.5078214759  0.6845739159  0.3719086599  0.5654173970  0.5307407861  0.5458653404  0.5775494846  0.1278399075  0.5650074384  0.6448320060  0.0830932437  0.1502504865
 0.4546560408  0.1821545250  0.4214219907 -0.2101983386 -0.0086791450  0.3730372557  0.2288866313 -0.0379075460  0.1471044451  0.1419921183 -0.1027400339  0.4767701636  0.5872094898  0.4081104573  0.4517467705  0.5038742554  0.0239504361  0.1960177900 -0.1229894350  0.4522459489  0.5487036310  0.7115574776  0.5065421932  0.7277871727  0.8510073400  1.0000000000  0.4801125348  0.5916126673  0.5261070263  0.3953674014  0.3762887975  0.7596634002  0.3405957064  0.5138546198  0.4600811946  0.5345042698  0.6355500692  0.0413233514  0.6779493714  0.5522618804  0.1744608616  0.2263803588
 0.3604531863  0.2028673530  0.3448488829  0.1563470149  0.0675665403 -0.0513655382  0.0147035381 -0.1560128800  0.2237106443 -0.0238368675  0.1268341517  0.2218007545  0.6283521997  0.4703609368  0.5524462395  0.5301206980  0.0745946217 -0.0976761430 -0.0529244307  0.2044803588  0.2600231439  0.3178175147  0.2507005917  0.2453164893  0.5098465434  0.4801125348  1.0000000000  0.5206713840  0.1786631296  0.1701708660  0.0953511225  0.4191239047  0.1568137797  0.2736013321  0.3004444578  0.4193331078  0.4741381280  0.2407746783  0.2648631729  0.1857618395  0.1571764058 -0.1227283007
 0.6166100725  0.0983517747  0.3386268061 -0.2324826081  0.0763473182  0.4214813631  0.3847225213  0.1106528893  0.0035371717 -0.0885978463 -0.0851384474  0.6173827159  0.3136306181  0.5953412252  0.5907495813  0.8174555952  0.0013513344 -0.0297786466  0.1277501360  0.3740796392  0.2196935589  0.1922330977  0.5045561341  0.3048865953  0.6318011850  0.5916126673  0.5206713840  1.0000000000  0.6223432921  0.7629133108  0.4460227599  0.7373944591  0.2803482010  0.3497424331  0.4246772271  0.1849900355  0.2245601865 -0.0358321640  0.5756498004  0.6380942481 -0.1238820315  0.1902329913
 0.3482270380  0.1770325622 -0.0065427954 -0.3926834157 -0.2224229437  0.1961726249 -0.0007807237  0.4305975677  0.3034411108  0.3391057366 -0.1793244096  0.7146554916  0.3206813014  0.4577514238  0.6972845338  0.6956095755  0.1764968709  0.3717699234  0.3013114380  0.6187207808  0.4348512305  0.3369107441  0.6282869072  0.5349046556  0.6699058702  0.5261070263  0.1786631296  0.6223432921  1.0000000000  0.7864631368  0.5897815522  0.6146360761  0.3647273250  0.4120348933  0.6008231167  0.2429009021  0.2470214423 -0.2445720425  0.3586774242  0.6123345635 -0.3042434682  0.2501550744
 0.6106756657 -0.0906801399  0.2546114530 -0.2869320128 -0.1457706360  0.3650651115  0.3345857686  0.2435051388  0.1495856912  0.1257814133 -0.2178766643  0.5997454657  0.1608680114  0.5665808872  0.5614183417  0.7433881333  0.1902356636  0.3519284783  0.3000200029  0.3048495400  0.2143808225  0.0574572727  0.6466476801  0.4004613369  0.5434041240  0.3953674014  0.1701708660  0.7629133108  0.7864631368  1.0000000000  0.7107708653  0.6751987396  0.4440677243  0.4380963155  0.5400754666  0.0745036685  0.0296041030 -0.0544693897  0.3736051442  0.6140672555 -0.3026499197  0.1568075629
 0.5546569777 -0.2072196597  0.2791698076 -0.1603201643 -0.3054829217  0.0638715839  0.0845985960  0.1218606198  0.3156144480  0.2825525486 -0.2919956726  0.4889078505 -0.0568301665  0.1143714050  0.2163074914  0.3214950860  0.4130449481  0.4879336200  0.4214876044  0.2713061300  0.3207645561  0.1102309535  0.5419851203  0.5143940263  0.5078214759  0.3762887975  0.0953511225  0.4460227599  0.5897815522  0.7107708653  1.0000000000  0.6979638538  0.6725507878  0.8129032183  0.4142795909  0.3941164654  0.2097971058  0.0275853294  0.4074425877  0.5154146048  0.0416556443  0.0992691987
 0.5024367485  0.1527144661  0.3317254652 -0.2913179911 -0.0894101371  0.2307717279  0.1503597312  0.1863299309  0.0381738707  0.1157887789 -0.1994647799  0.5531589189  0.2867465218  0.4368952993  0.3766004607  0.5564154847  0.1761368739  0.1752999525  0.1288302516  0.4438896876  0.3490170384  0.3985995942  0.4758246640  0.5367936156  0.6845739159  0.7596634002  0.4191239047  0.7373944591  0.6146360761  0.6751987396  0.6979638538  1.0000000000  0.5967589430  0.7021166536  0.4984274028  0.3794717249  0.3819586769 -0.0165506086  0.7625384967  0.7232282406  0.1325689889  0.2892212111
 0.2730011304  0.0583368377  0.1596086363 -0.1316308184 -0.3176307721 -0.0095679345 -0.2351685690  0.2943339794  0.3908570725  0.6187682593 -0.0905342102  0.2370892644 -0.0500236897  0.1883012124  0.1127063912  0.2207803515  0.1306365382  0.1730588596 -0.0521422799  0.2495250036  0.5034865925  0.3386938194  0.4346752814  0.4417924478  0.3719086599  0.3405957064  0.1568137797  0.2803482010  0.3647273250  0.4440677243  0.6725507878  0.5967589430  1.0000000000  0.6910398076  0.4066484939  0.4346441465  0.4284879517 -0.0059342761  0.4116299961  0.3810837444  0.2712353259  0.1554888691
 0.3787980778 -0.1344817936  0.3126349077 -0.0521123667 -0.2423387509 -0.0644481536 -0.0397018312  0.0021225536  0.3277035580  0.2684809363 -0.1677255676  0.3405418191  0.0704369672  0.0682123618  0.1937634883  0.2079047359  0.3646907453  0.4104718339  0.3838128834  0.2137724502  0.4062895703  0.3303844818  0.4916094508  0.5278074787  0.5654173970  0.5138546198  0.2736013321  0.3497424331  0.4120348933  0.4380963155  0.8129032183  0.7021166536  0.6910398076  1.0000000000  0.3835324370  0.4629598112  0.3307433693  0.1209182018  0.4215913365  0.4453242508  0.3238847430  0.0892587757
 0.3675193090  0.1501376140  0.2340411286 -0.2946472267 -0.0877073893  0.1499611894  0.0221747789  0.1247748921  0.2636598898  0.2487806802 -0.0446737724  0.3983329567  0.4437010132  0.3352454178  0.5192978811  0.4895208126  0.2499168951  0.2400564305  0.0461438672  0.3577857919  0.3189104013  0.3752550136  0.4580038731  0.3611462894  0.5307407861  0.4600811946  0.3004444578  0.4246772271  0.6008231167  0.5400754666  0.4142795909  0.4984274028  0.4066484939  0.3835324370  1.0000000000  0.3678577786  0.3686021514 -0.1109212109  0.2565926856  0.3865068367  0.0709719065  0.1140480242
 0.4158878152  0.1579444863  0.3903176352 -0.0722228519 -0.1410087557  0.0507077325 -0.1611834578 -0.1886197362  0.3764669892  0.3851140277  0.0874294889  0.1032986897  0.2750523228 -0.0257758228  0.2193223395  0.1337832551  0.1868430391  0.0317612020 -0.1149221241  0.3111009166  0.5373034533  0.5580551117  0.2415281572  0.5177225576  0.5458653404  0.5345042698  0.4193331078  0.1849900355  0.2429009021  0.0745036685  0.3941164654  0.3794717249  0.4346441465  0.4629598112  0.3678577786  1.0000000000  0.8908523969  0.0693034887  0.3609119094  0.1889950702  0.3833689371  0.0353880779
 0.3101061858  0.3021572741  0.3260919172 -0.0791803313 -0.1436410854  0.1086631821 -0.2182227603 -0.1018299983  0.4133167022  0.4683143181  0.1067190171  0.1533874480  0.4371962151  0.1006590924  0.2983171324  0.1969329092 -0.0381688669 -0.0959826093 -0.2867199498  0.4019630901  0.6798138639  0.7210919292  0.2791157775  0.5413768949  0.5775494846  0.6355500692  0.4741381280  0.2245601865  0.2470214423  0.0296041030  0.2097971058  0.3819586769  0.4284879517  0.3307433693  0.3686021514  0.8908523969  1.0000000000  0.0423950442  0.4861185254  0.2315634454  0.4044855748  0.0702515310
 0.2406775948 -0.2954567609  0.4069808137  0.4768294970  0.0896470129  0.0333667507  0.1955744328 -0.2064458947  0.1277496848 -0.1414645307 -0.0355377724 -0.2094262757  0.0827790335  0.0428373226 -0.0698595637 -0.0297816313  0.0812356879  0.0690557279 -0.0163190607 -0.1930560125  0.0065845608 -0.0803134318  0.1145847857  0.0754584374  0.1278399075  0.0413233514  0.2407746783 -0.0358321640 -0.2445720425 -0.0544693897  0.0275853294 -0.0165506086 -0.0059342761  0.1209182018 -0.1109212109  0.0693034887  0.0423950442  1.0000000000  0.0637319441 -0.1924434419  0.2530226448 -0.4181312480
 0.3870160902  0.2647821602  0.3164614155 -0.2977578878 -0.0537549153  0.3759016185  0.1316986541  0.1321882079  0.0457828226  0.1645424006 -0.1857083376  0.4457595966  0.2227907638  0.2128943775  0.1548829200  0.3698484843 -0.1064543364 -0.1652315996 -0.0963777855  0.4583805843  0.4303048164  0.4912704407  0.3328797848  0.4422069105  0.5650074384  0.6779493714  0.2648631729  0.5756498004  0.3586774242  0.3736051442  0.4074425877  0.7625384967  0.4116299961  0.4215913365  0.2565926856  0.3609119094  0.4861185254  0.0637319441  1.0000000000  0.6927082738  0.3414126789  0.3166783453
 0.3888043379  0.2015768586  0.1011669897 -0.4138112731 -0.1883521727  0.2415466301  0.0635640403  0.3541950018  0.1980346467  0.3022364100 -0.2251084092  0.6481672542  0.2622099979  0.3793519891  0.3146749562  0.5245923537  0.2516574802  0.0863758134  0.1831061243  0.6371211359  0.4292376469  0.2826173127  0.5029486481  0.5413755801  0.6448320060  0.5522618804  0.1857618395  0.6380942481  0.6123345635  0.6140672555  0.5154146048  0.7232282406  0.3810837444  0.4453242508  0.3865068367  0.1889950702  0.2315634454 -0.1924434419  0.6927082738  1.0000000000  0.1154950194  0.3965329874
 0.1076254437  0.2470422246  0.3905570740  0.2057425358 -0.0476261332 -0.1258125050 -0.1842450979 -0.0334055464  0.2619315251  0.2648516202  0.0415466109 -0.2207222182  0.0019509891 -0.2558586370 -0.3431250857 -0.2733410756  0.1601089645 -0.2323690720 -0.1249188283  0.0338230362  0.2594834381  0.2357895236  0.0854331374  0.1982998793  0.0830932437  0.1744608616  0.1571764058 -0.1238820315 -0.3042434682 -0.3026499197  0.0416556443  0.1325689889  0.2712353259  0.3238847430  0.0709719065  0.3833689371  0.4044855748  0.2530226448  0.3414126789  0.1154950194  1.0000000000 -0.0967798523
 0.0674520274  0.2968651534 -0.0697042172 -0.7758829703 -0.2622885556  0.2106316026 -0.0204616852  0.2098157512 -0.1568983288  0.1339110157 -0.1155893644  0.2001663025 -0.1351594955  0.1660023701  0.0494768552  0.1929795564 -0.0628889966 -0.0268537088 -0.0602986044  0.2382054250  0.0696011544  0.1625810138 -0.0224873950  0.1129122562  0.1502504865  0.2263803588 -0.1227283007  0.1902329913  0.2501550744  0.1568075629  0.0992691987  0.2892212111  0.1554888691  0.0892587757  0.1140480242  0.0353880779  0.0702515310 -0.4181312480  0.3166783453  0.3965329874 -0.0967798523  1.0000000000
