 1.0000000000  0.6261541641  0.8484593043  0.4270961931  0.3443197557  0.5747531662  0.3034188236  0.1204732323 -0.1651474470  0.1222995645  0.1697965338 -0.1898941044  0.0271704898  0.2162629425  0.1652307946 -0.1203052154 -0.2547287670 -0.3126496479  0.1856232040  0.2091151642  0.0204993800 -0.1278120593  0.1057446120  0.1884617637  0.3446376540  0.2027862988  0.0928488617 -0.1397788648 -0.2760085189 -0.4102979185 -0.0389551932  0.2846679601 -0.0719319547 -0.1172721780 -0.3734578439 -0.1854861889 -0.2300540909 -0.0695095426 -0.0466453989  0.0118467314  0.0169508308  0.1777541277
 0.6261541641  1.0000000000  0.3832991675  0.3313421185  0.1846722054  0.7654071990  0.1935519912 -0.0014280366 -0.0515624077  0.2816270086  0.0999872015 -0.0528366859 -0.2428236691  0.0724098017 -0.1961522222 -0.3278324341  0.1607383403 -0.2384206083  0.3655798054  0.2585658780 -0.0692090227 -0.2950818248 -0.0224216795  0.2845268815  0.2492733892  0.3683813843 -0.1388555366 -0.5058837798 -0.3989109421 -0.5988664111 -0.0061554178  0.3700291468 -0.1240732178 -0.2191815793 -0.3014078918  0.0066210606 -0.2558329196 -0.2493447672 -0.0858468739  0.2075203561 -0.1937750222 -0.0157789088
 0.8484593043  0.3832991675  1.0000000000  0.5728132317  0.3548566267  0.4652715588  0.4840025619 -0.0541700368 -0.1216859688 -0.0324093104  0.1253266991 -0.0714093744  0.2945610933  0.1788210828  0.2701562644  0.0526822574 -0.4820653574 -0.2580263679 -0.0916821740  0.0315449710  0.0680373610 -0.0297691886  0.1467982635  0.1340535823  0.5022686524 -0.0122283570  0.3160497535  0.2393725827 -0.1670854393 -0.2163811209 -0.1932157264  0.1390406065  0.0199886451  0.0674158556 -0.2715164686 -0.2696571474 -0.0782023118  0.0732341116  0.0658679569 -0.1058279931  0.1522792743  0.2311948475
 0.4270961931  0.3313421185  0.5728132317  1.0000000000  0.2177237016  0.5445201047  0.4782093109 -0.1528516200  0.2098349541 -0.0716906096  0.1442667116  0.0827454461  0.1489708202  0.1768854135  0.1077494233  0.0858840932 -0.4216942059 -0.0207121828 -0.1692087543 -0.1453263437 -0.1388316567  0.0577152570  0.1122028883 -0.0474211820  0.2433263208 -0.2347710915  0.2735052195  0.2498669411 -0.1696675688 -0.2534405421 -0.4887408466 -0.1193074880  0.0665513304 -0.0146141588 -0.1630586725 -0.0990738090 -0.1851445005  0.0771361630  0.0999224983 -0.2973380309 -0.1475673192  0.3406445682
 0.3443197557  0.1846722054  0.3548566267  0.2177237016  1.0000000000  0.2093675933  0.2940343347  0.1793117510  0.1034105375  0.1319772092  0.2427442847  0.0006328480  0.1085469973  0.0326776985  0.1086906377  0.0468171003 -0.2819056885 -0.2988574636 -0.1143759969  0.1825620501  0.1791532363  0.1260511684  0.1099759374  0.1453335533  0.1660601248  0.0480400513  0.2877294238  0.0248530677 -0.0065948092 -0.0760434132 -0.0978324537  0.1051009456  0.1939699063  0.1455994847 -0.0775685719  0.1087576585  0.1588428998  0.1942752517  0.1306697373 -0.0068477341  0.1725250807  0.0002738557
 0.5747531662  0.7654071990  0.4652715588  0.5445201047  0.2093675933  1.0000000000  0.5400485585  0.0181133997  0.2160569794  0.1356181090  0.2009855479 -0.1110623509 -0.2138954108  0.2191000662 -0.0664999584 -0.3331592159 -0.1132282685 -0.2044501747  0.2288422412  0.1471198288 -0.1324011990 -0.1546318956  0.1755250293  0.1223549922  0.2075832754  0.0512633316 -0.1077747764 -0.2717371898 -0.4612140687 -0.6302892025 -0.2351759300  0.2101271735 -0.1033584107 -0.1606191594 -0.2565911970 -0.0015609163 -0.3259791423 -0.0394655286 -0.2134790177 -0.0039610398 -0.2539919859  0.2233973782
 0.3034188236  0.1935519912  0.4840025619  0.4782093109  0.2940343347  0.5400485585  1.0000000000 -0.0114439475  0.1753585457 -0.0030783871  0.1554726045 -0.0550509721  0.0592793629  0.3497033207  0.2683742950  0.1374421280 -0.3568732624 -0.1722960676 -0.1149393275 -0.0428674170 -0.0272497629  0.0047016015  0.1764309725  0.0153679909  0.2390251657 -0.1307728849  0.1423189153  0.3133611769 -0.0610709562 -0.0315746344 -0.2384493233  0.0436075601  0.0316245982  0.0606435767  0.1361442743 -0.2498414181 -0.0484172863  0.2867517597 -0.0168852674 -0.1146503133 -0.0660594650 -0.0054364206
 0.1204732323 -0.0014280366 -0.0541700368 -0.1528516200  0.1793117510  0.0181133997 -0.0114439475  1.0000000000  0.3306495133  0.4639269302 -0.0885229164 -0.1620550394 -0.3842104199  0.0221328808  0.2577537979 -0.2141632781 -0.2276291996 -0.2287999791  0.3644698826  0.5174455450  0.1864566401  0.1241821016 -0.0789146759  0.0052207271 -0.2723398875  0.2181965774 -0.2733861917 -0.2958105275  0.3785059805 -0.0520549789  0.5385322261  0.3030122894  0.0578428600  0.1913684750 -0.0641906503  0.2315634658  0.0561459692 -0.1779434927  0.0554093046  0.3610986380  0.1426153409 -0.0846129058
-0.1651474470 -0.0515624077 -0.1216859688  0.2098349541  0.1034105375  0.2160569794  0.1753585457  0.3306495133  1.0000000000  0.4876711440  0.0498752993  0.0683702169  0.0558798395 -0.2360253236  0.1503922901 -0.1500976088 -0.3926498917 -0.2409331899 -0.1842822965  0.4348850632  0.3602918079  0.2910618087 -0.0176733277  0.1948536108  0.1559163788  0.0148967491 -0.1481536100 -0.0894037026  0.3470937498 -0.1300168327 -0.0611084916  0.0959315000  0.4740446636  0.4363693655 -0.0095524558  0.3437090380  0.2834490394  0.0294623956  0.2944388321  0.1575543904  0.2337304340  0.0804704021
 0.1222995645  0.2816270086 -0.0324093104 -0.0716906096  0.1319772092  0.1356181090 -0.0030783871  0.4639269302  0.4876711440  1.0000000000 -0.0573814896  0.1487949103 -0.1707167567 -0.3441584149  0.1558384224 -0.2186620168 -0.1097147894 -0.2525720523  0.2276982782  0.8561569907  0.6826291259  0.1470824925 -0.2480295245  0.7551133836  0.2289969773  0.6393409412 -0.2364266838 -0.4636492567  0.4123204644 -0.1152396446  0.5146616984  0.6917391003  0.4878969739  0.4240664670 -0.0496618500  0.3864008059  0.3007331600 -0.3198019883  0.6337435820  0.7648050017  0.3319666916 -0.3864935062
 0.1697965338  0.0999872015  0.1253266991  0.1442667116  0.2427442847  0.2009855479  0.1554726045 -0.0885229164  0.0498752993 -0.0573814896  1.0000000000 -0.5584100267 -0.0813976631  0.1733958206  0.0560982455 -0.0173614595  0.0200975464 -0.0462888056  0.1151662903 -0.0010700651 -0.0853389842  0.0803675090  0.4108028480 -0.0339219451 -0.0257111300 -0.0016061914  0.2666568351 -0.0166534081 -0.1937884673 -0.1432164396 -0.1170016097 -0.0131254364 -0.0417886024 -0.1448560654  0.0573912851  0.2561217307 -0.1821123599  0.5095978260 -0.1756730619 -0.1491594689 -0.1222978512 -0.0071856978
-0.1898941044 -0.0528366859 -0.0714093744  0.0827454461  0.0006328480 -0.1110623509 -0.0550509721 -0.1620550394  0.0683702169  0.1487949103 -0.5584100267  1.0000000000  0.2016249689 -0.2531006108  0.0025480601  0.2062605693  0.0407957658  0.0753949333 -0.2006438366  0.0114490338  0.1459095014  0.0500206253 -0.1893167141  0.2154625581  0.1278512749  0.0177606959  0.2219656319  0.0563742490  0.1621643038  0.1929735112 -0.0084740877 -0.0586408604  0.1303690850  0.1324178561  0.0245467447 -0.0420701469  0.2489402973 -0.3451468386  0.3027327001  0.1371439698  0.0492768769 -0.1793486721
 0.0271704898 -0.2428236691  0.2945610933  0.1489708202  0.1085469973 -0.2138954108  0.0592793629 -0.3842104199  0.0558798395 -0.1707167567 -0.0813976631  0.2016249689  1.0000000000 -0.4423507957  0.0879366677  0.4573924047 -0.4143739380 -0.3189276348 -0.8073429811 -0.1418233071  0.2972453991  0.3859926268 -0.0025970808  0.0908246488  0.6194577474 -0.2920273622  0.3101029546  0.4893652509  0.2049010213  0.2574259857 -0.4027405133 -0.3128438051  0.4207120903  0.4706593890 -0.0909036139 -0.2166187694  0.6577738098  0.0508157227  0.2503279875 -0.1982817204  0.4629587844  0.1566514733
 0.2162629425  0.0724098017  0.1788210828  0.1768854135  0.0326776985  0.2191000662  0.3497033207  0.0221328808 -0.2360253236 -0.3441584149  0.1733958206 -0.2531006108 -0.4423507957  1.0000000000  0.1780654259 -0.1172598711  0.1406557436  0.5040143078  0.4266618236 -0.3467721813 -0.5197614877 -0.2814195427  0.1419458629 -0.2986326496 -0.3405573358  0.0060592084  0.0067759903  0.1679771386 -0.3109722451 -0.0702471353  0.0110330387  0.0065986130 -0.6525494610 -0.5492914228  0.1680098013 -0.1268946978 -0.7070754497  0.2633324308 -0.3979063039 -0.2414941665 -0.4878516988  0.0496245842
 0.1652307946 -0.1961522222  0.2701562644  0.1077494233  0.1086906377 -0.0664999584  0.2683742950  0.2577537979  0.1503922901  0.1558384224  0.0560982455  0.0025480601  0.0879366677  0.1780654259  1.0000000000  0.4588730509 -0.3573128345 -0.0198155862  0.0210693521  0.2364059677  0.2107554947  0.1900621298  0.1965115627  0.1244277523  0.1305252846  0.2725175777  0.2736029982  0.4414930162  0.6151596552  0.3988663901  0.4383947966  0.1358148743 -0.1400609007  0.0830336561 -0.0893265028 -0.0017161336  0.0362031961 -0.0223252432  0.1465196388  0.2275171663  0.1077938065 -0.3274508305
-0.1203052154 -0.3278324341  0.0526822574  0.0858840932  0.0468171003 -0.3331592159  0.1374421280 -0.2141632781 -0.1500976088 -0.2186620168 -0.0173614595  0.2062605693  0.4573924047 -0.1172598711  0.4588730509  1.0000000000 -0.1122213065 -0.2072658759 -0.5394770398 -0.2606492829 -0.0105629802  0.2298683302  0.1278044089  0.0075810901 -0.0388413724  0.0064525996  0.4261720065  0.4876136462  0.4328292148  0.7151876254 -0.0985325130 -0.5526698156 -0.0318009387 -0.1696518330 -0.0192866125 -0.0751934203  0.3327207055  0.2225144780  0.1493947051 -0.3372988036 -0.1112303470 -0.1317879978
-0.2547287670  0.1607383403 -0.4820653574 -0.4216942059 -0.2819056885 -0.1132282685 -0.3568732624 -0.2276291996 -0.3926498917 -0.1097147894  0.0200975464  0.0407957658 -0.4143739380  0.1406557436 -0.3573128345 -0.1122213065  1.0000000000  0.3604954514  0.4098431003 -0.2179587073 -0.3046689569 -0.3712759284  0.0054944727 -0.0100882058 -0.3832406736  0.2741067884 -0.2538982607 -0.3899670933 -0.3691599644 -0.0223253960  0.1183591671  0.0341143778 -0.3804343175 -0.4838054372  0.1672689644  0.0919658270 -0.3792040239 -0.0441481026 -0.2946016922  0.0847059225 -0.4369125276 -0.2483493639
-0.3126496479 -0.2384206083 -0.2580263679 -0.0207121828 -0.2988574636 -0.2044501747 -0.1722960676 -0.2287999791 -0.2409331899 -0.2525720523 -0.0462888056  0.0753949333 -0.3189276348  0.5040143078 -0.0198155862 -0.2072658759  0.3604954514  1.0000000000  0.3098364069 -0.4479172211 -0.2561640093 -0.1823390727 -0.0260727194 -0.1648069081 -0.2104310371 -0.1544056436 -0.0404125028  0.2304022272 -0.2143060412 -0.0140824342  0.0083712308  0.0242343703 -0.4009220430 -0.1724671560  0.2400911735  0.0394046940 -0.4224110771 -0.0666233015 -0.0403911357  0.0183495235 -0.2001380768 -0.1148089234
 0.1856232040  0.3655798054 -0.0916821740 -0.1692087543 -0.1143759969  0.2288422412 -0.1149393275  0.3644698826 -0.1842822965  0.2276982782  0.1151662903 -0.2006438366 -0.8073429811  0.4266618236  0.0210693521 -0.5394770398  0.4098431003  0.3098364069  1.0000000000  0.2489282705 -0.1968724236 -0.3461628424 -0.0208923947 -0.0104356715 -0.3554459624  0.4164479891 -0.2933738024 -0.4873491284 -0.2667067146 -0.4018570418  0.5736544389  0.5163412169 -0.4901422650 -0.3259348646  0.0512264842  0.1426352919 -0.6726758307 -0.2184293094 -0.2929617754  0.4270954232 -0.2756441075 -0.2662965624
 0.2091151642  0.2585658780  0.0315449710 -0.1453263437  0.1825620501  0.1471198288 -0.0428674170  0.5174455450  0.4348850632  0.8561569907 -0.0010700651  0.0114490338 -0.1418233071 -0.3467721813  0.2364059677 -0.2606492829 -0.2179587073 -0.4479172211  0.2489282705  1.0000000000  0.6701223117  0.0908619919 -0.1813608114  0.6535885141  0.2193954839  0.5979226925 -0.1906250880 -0.4885111503  0.4084624633 -0.1832110259  0.5849967175  0.7099146506  0.4575331769  0.4157619328 -0.1945290806  0.3478105452  0.2745849727 -0.3123518719  0.4462118387  0.7147368340  0.4104596311 -0.3271901506
 0.0204993800 -0.0692090227  0.0680373610 -0.1388316567  0.1791532363 -0.1324011990 -0.0272497629  0.1864566401  0.3602918079  0.6826291259 -0.0853389842  0.1459095014  0.2972453991 -0.5197614877  0.2107554947 -0.0105629802 -0.3046689569 -0.2561640093 -0.1968724236  0.6701223117  1.0000000000  0.2440669200 -0.1381512125  0.7362800261  0.5667412558  0.3421813588  0.0099117584 -0.0671001664  0.4381748103  0.0962574049  0.2758439044  0.5325899438  0.6910236859  0.7248435709 -0.0910819263  0.2785474551  0.6228612098 -0.1998808713  0.7733978304  0.5788101520  0.7594492918 -0.2967273172
-0.1278120593 -0.2950818248 -0.0297691886  0.0577152570  0.1260511684 -0.1546318956  0.0047016015  0.1241821016  0.2910618087  0.1470824925  0.0803675090  0.0500206253  0.3859926268 -0.2814195427  0.1900621298  0.2298683302 -0.3712759284 -0.1823390727 -0.3461628424  0.0908619919  0.2440669200  1.0000000000 -0.0330905198  0.0711447039  0.0984135816 -0.1590092525  0.0826085895  0.2042026838  0.3274364936  0.2062634566 -0.0597202761 -0.0995954740  0.4308934628  0.3746130595  0.1580037831  0.0475836083  0.4428575851 -0.0422211029  0.1721018034 -0.0532466959  0.1489424177  0.1337901554
 0.1057446120 -0.0224216795  0.1467982635  0.1122028883  0.1099759374  0.1755250293  0.1764309725 -0.0789146759 -0.0176733277 -0.2480295245  0.4108028480 -0.1893167141 -0.0025970808  0.1419458629  0.1965115627  0.1278044089  0.0054944727 -0.0260727194 -0.0208923947 -0.1813608114 -0.1381512125 -0.0330905198  1.0000000000 -0.2436891797  0.0834528859 -0.0386605341  0.3447795336  0.1317201324 -0.1596263733  0.0062364634 -0.1551731880 -0.2069502750 -0.2433014466 -0.1577082498 -0.2200485826  0.1947081648 -0.1850957658  0.2358490244 -0.2637230681 -0.1693982177 -0.0845016191  0.0414753041
 0.1884617637  0.2845268815  0.1340535823 -0.0474211820  0.1453335533  0.1223549922  0.0153679909  0.0052207271  0.1948536108  0.7551133836 -0.0339219451  0.2154625581  0.0908246488 -0.2986326496  0.1244277523  0.0075810901 -0.0100882058 -0.1648069081 -0.0104356715  0.6535885141  0.7362800261  0.0711447039 -0.2436891797  1.0000000000  0.3802123319  0.6476836227 -0.0195674670 -0.3216461704  0.2400741373 -0.0153163603  0.2924590573  0.6148588130  0.4630568805  0.2757042789 -0.0839247260  0.2801632701  0.3293883679 -0.1848911038  0.6949619411  0.5747629432  0.3006696745 -0.3513480162
 0.3446376540  0.2492733892  0.5022686524  0.2433263208  0.1660601248  0.2075832754  0.2390251657 -0.2723398875  0.1559163788  0.2289969773 -0.0257111300  0.1278512749  0.6194577474 -0.3405573358  0.1305252846 -0.0388413724 -0.3832406736 -0.2104310371 -0.3554459624  0.2193954839  0.5667412558  0.0984135816  0.0834528859  0.3802123319  1.0000000000  0.0213407439  0.1964471101  0.2193570460  0.0445693407 -0.1876893818 -0.1712860938  0.2725744061  0.4107877096  0.6227378248 -0.2396004247 -0.1229594789  0.4408383083 -0.1983965801  0.3994659926  0.2898368155  0.6760228800 -0.0751315682
 0.2027862988  0.3683813843 -0.0122283570 -0.2347710915  0.0480400513  0.0512633316 -0.1307728849  0.2181965774  0.0148967491  0.6393409412 -0.0016061914  0.0177606959 -0.2920273622  0.0060592084  0.2725175777  0.0064525996  0.2741067884 -0.1544056436  0.4164479891  0.5979226925  0.3421813588 -0.1590092525 -0.0386605341  0.6476836227  0.0213407439  1.0000000000 -0.0957541807 -0.4759169422  0.2490039274  0.0502058569  0.6387324760  0.6020300686 -0.0631706068 -0.1631666110 -0.1333728572  0.2452398537 -0.1137843851 -0.2313639670  0.2604226443  0.6204700918 -0.0366699432 -0.4516818702
 0.0928488617 -0.1388555366  0.3160497535  0.2735052195  0.2877294238 -0.1077747764  0.1423189153 -0.2733861917 -0.1481536100 -0.2364266838  0.2666568351  0.2219656319  0.3101029546  0.0067759903  0.2736029982  0.4261720065 -0.2538982607 -0.0404125028 -0.2933738024 -0.1906250880  0.0099117584  0.0826085895  0.3447795336 -0.0195674670  0.1964471101 -0.0957541807  1.0000000000  0.3571267458  0.1184170390  0.2593286469 -0.1064945412 -0.2220782634 -0.0680909317 -0.0372806966 -0.1190535704  0.0660538522  0.0670025279  0.2263456523  0.1398191069 -0.1893165861  0.0648134483  0.0249542652
-0.1397788648 -0.5058837798  0.2393725827  0.2498669411  0.0248530677 -0.2717371898  0.3133611769 -0.2958105275 -0.0894037026 -0.4636492567 -0.0166534081  0.0563742490  0.4893652509  0.1679771386  0.4414930162  0.4876136462 -0.3899670933  0.2304022272 -0.4873491284 -0.4885111503 -0.0671001664  0.2042026838  0.1317201324 -0.3216461704  0.2193570460 -0.4759169422  0.3571267458  1.0000000000  0.2492454490  0.5216629369 -0.3086331322 -0.4043421761 -0.0559761957  0.2030244690  0.1216740094 -0.3012697466  0.1587248063  0.2335293245  0.0589094924 -0.3355177369  0.1826068104 -0.0122120910
-0.2760085189 -0.3989109421 -0.1670854393 -0.1696675688 -0.0065948092 -0.4612140687 -0.0610709562  0.3785059805  0.3470937498  0.4123204644 -0.1937884673  0.1621643038  0.2049010213 -0.3109722451  0.6151596552  0.4328292148 -0.3691599644 -0.2143060412 -0.2667067146  0.4084624633  0.4381748103  0.3274364936 -0.1596263733  0.2400741373  0.0445693407  0.2490039274  0.1184170390  0.2492454490  1.0000000000  0.6016146677  0.4948328014  0.0939685082  0.3012100613  0.3672906535  0.0311294510  0.1813351309  0.5340979621 -0.0859621920  0.5069236824  0.3254049802  0.3282506080 -0.3500809119
-0.4102979185 -0.5988664111 -0.2163811209 -0.2534405421 -0.0760434132 -0.6302892025 -0.0315746344 -0.0520549789 -0.1300168327 -0.1152396446 -0.1432164396  0.1929735112  0.2574259857 -0.0702471353  0.3988663901  0.7151876254 -0.0223253960 -0.0140824342 -0.4018570418 -0.1832110259  0.0962574049  0.2062634566  0.0062364634 -0.0153163603 -0.1876893818  0.0502058569  0.2593286469  0.5216629369  0.6016146677  1.0000000000  0.1667596078 -0.3247766511 -0.0145716307 -0.0326175996  0.1472430780 -0.0371407194  0.3063686977  0.1992748232  0.2610260075 -0.1175948377  0.0110476385 -0.3043457188
-0.0389551932 -0.0061554178 -0.1932157264 -0.4887408466 -0.0978324537 -0.2351759300 -0.2384493233  0.5385322261 -0.0611084916  0.5146616984 -0.1170016097 -0.0084740877 -0.4027405133  0.0110330387  0.4383947966 -0.0985325130  0.1183591671  0.0083712308  0.5736544389  0.5849967175  0.2758439044 -0.0597202761 -0.1551731880  0.2924590573 -0.1712860938  0.6387324760 -0.1064945412 -0.3086331322  0.4948328014  0.1667596078  1.0000000000  0.5704851582 -0.1385726978  0.0568180948 -0.0082961327  0.1999047279 -0.0409393751 -0.3470312830  0.1483347023  0.6960112560  0.1182196875 -0.5133533722
 0.2846679601  0.3700291468  0.1390406065 -0.1193074880  0.1051009456  0.2101271735  0.0436075601  0.3030122894  0.0959315000  0.6917391003 -0.0131254364 -0.0586408604 -0.3128438051  0.0065986130  0.1358148743 -0.5526698156  0.0341143778  0.0242343703  0.5163412169  0.7099146506  0.5325899438 -0.0995954740 -0.2069502750  0.6148588130  0.2725744061  0.6020300686 -0.2220782634 -0.4043421761  0.0939685082 -0.3247766511  0.5704851582  1.0000000000  0.2188198885  0.3218729910 -0.0260042971  0.1278398058 -0.0792650817 -0.3325159254  0.3511795219  0.8026341319  0.3161453206 -0.3529173739
-0.0719319547 -0.1240732178  0.0199886451  0.0665513304  0.1939699063 -0.1033584107  0.0316245982  0.0578428600  0.4740446636  0.4878969739 -0.0417886024  0.1303690850  0.4207120903 -0.6525494610 -0.1400609007 -0.0318009387 -0.3804343175 -0.4009220430 -0.4901422650  0.4575331769  0.6910236859  0.4308934628 -0.2433014466  0.4630568805  0.4107877096 -0.0631706068 -0.0680909317 -0.0559761957  0.3012100613 -0.0145716307 -0.1385726978  0.2188198885  1.0000000000  0.7265494099  0.0240016825  0.1294762428  0.6852408788 -0.0382783633  0.6146556803  0.1551635067  0.5471827277  0.1007359594
-0.1172721780 -0.2191815793  0.0674158556 -0.0146141588  0.1455994847 -0.1606191594  0.0606435767  0.1913684750  0.4363693655  0.4240664670 -0.1448560654  0.1324178561  0.4706593890 -0.5492914228  0.0830336561 -0.1696518330 -0.4838054372 -0.1724671560 -0.3259348646  0.4157619328  0.7248435709  0.3746130595 -0.1577082498  0.2757042789  0.6227378248 -0.1631666110 -0.0372806966  0.2030244690  0.3672906535 -0.0326175996  0.0568180948  0.3218729910  0.7265494099  1.0000000000 -0.0025861250  0.0640510232  0.6899214344 -0.2424777143  0.5397458777  0.4417255317  0.8623331431 -0.1410422007
-0.3734578439 -0.3014078918 -0.2715164686 -0.1630586725 -0.0775685719 -0.2565911970  0.1361442743 -0.0641906503 -0.0095524558 -0.0496618500  0.0573912851  0.0245467447 -0.0909036139  0.1680098013 -0.0893265028 -0.0192866125  0.1672689644  0.2400911735  0.0512264842 -0.1945290806 -0.0910819263  0.1580037831 -0.2200485826 -0.0839247260 -0.2396004247 -0.1333728572 -0.1190535704  0.1216740094  0.0311294510  0.1472430780 -0.0082961327 -0.0260042971  0.0240016825 -0.0025861250  1.0000000000 -0.2073790609  0.0211024367  0.3761279730 -0.0081363455 -0.0532508366 -0.1401793816 -0.1602362905
-0.1854861889  0.0066210606 -0.2696571474 -0.0990738090  0.1087576585 -0.0015609163 -0.2498414181  0.2315634658  0.3437090380  0.3864008059  0.2561217307 -0.0420701469 -0.2166187694 -0.1268946978 -0.0017161336 -0.0751934203  0.0919658270  0.0394046940  0.1426352919  0.3478105452  0.2785474551  0.0475836083  0.1947081648  0.2801632701 -0.1229594789  0.2452398537  0.0660538522 -0.3012697466  0.1813351309 -0.0371407194  0.1999047279  0.1278398058  0.1294762428  0.0640510232 -0.2073790609  1.0000000000  0.0679915942  0.0248443606  0.3354494320  0.2427738948  0.0226537247 -0.1174001089
-0.2300540909 -0.2558329196 -0.0782023118 -0.1851445005  0.1588428998 -0.3259791423 -0.0484172863  0.0561459692  0.2834490394  0.3007331600 -0.1821123599  0.2489402973  0.6577738098 -0.7070754497  0.0362031961  0.3327207055 -0.3792040239 -0.4224110771 -0.6726758307  0.2745849727  0.6228612098  0.4428575851 -0.1850957658  0.3293883679  0.4408383083 -0.1137843851  0.0670025279  0.1587248063  0.5340979621  0.3063686977 -0.0409393751 -0.0792650817  0.6852408788  0.6899214344  0.0211024367  0.0679915942  1.0000000000 -0.1109198942  0.5481397261  0.1529334263  0.6534522079 -0.1414664119
-0.0695095426 -0.2493447672  0.0732341116  0.0771361630  0.1942752517 -0.0394655286  0.2867517597 -0.1779434927  0.0294623956 -0.3198019883  0.5095978260 -0.3451468386  0.0508157227  0.2633324308 -0.0223252432  0.2225144780 -0.0441481026 -0.0666233015 -0.2184293094 -0.3123518719 -0.1998808713 -0.0422211029  0.2358490244 -0.1848911038 -0.1983965801 -0.2313639670  0.2263456523  0.2335293245 -0.0859621920  0.1992748232 -0.3470312830 -0.3325159254 -0.0382783633 -0.2424777143  0.3761279730  0.0248443606 -0.1109198942  1.0000000000 -0.1264151056 -0.4578564280 -0.2217115898  0.1294033922
-0.0466453989 -0.0858468739  0.0658679569  0.0999224983  0.1306697373 -0.2134790177 -0.0168852674  0.0554093046  0.2944388321  0.6337435820 -0.1756730619  0.3027327001  0.2503279875 -0.3979063039  0.1465196388  0.1493947051 -0.2946016922 -0.0403911357 -0.2929617754  0.4462118387  0.7733978304  0.1721018034 -0.2637230681  0.6949619411  0.3994659926  0.2604226443  0.1398191069  0.0589094924  0.5069236824  0.2610260075  0.1483347023  0.3511795219  0.6146556803  0.5397458777 -0.0081363455  0.3354494320  0.5481397261 -0.1264151056  1.0000000000  0.4370360916  0.5210930516 -0.2566423342
 0.0118467314  0.2075203561 -0.1058279931 -0.2973380309 -0.0068477341 -0.0039610398 -0.1146503133  0.3610986380  0.1575543904  0.7648050017 -0.1491594689  0.1371439698 -0.1982817204 -0.2414941665  0.2275171663 -0.3372988036  0.0847059225  0.0183495235  0.4270954232  0.7147368340  0.5788101520 -0.0532466959 -0.1693982177  0.5747629432  0.2898368155  0.6204700918 -0.1893165861 -0.3355177369  0.3254049802 -0.1175948377  0.6960112560  0.8026341319  0.1551635067  0.4417255317 -0.0532508366  0.2427738948  0.1529334263 -0.4578564280  0.4370360916  1.0000000000  0.4192189152 -0.5869907557
 0.0169508308 -0.1937750222  0.1522792743 -0.1475673192  0.1725250807 -0.2539919859 -0.0660594650  0.1426153409  0.2337304340  0.3319666916 -0.1222978512  0.0492768769  0.4629587844 -0.4878516988  0.1077938065 -0.1112303470 -0.4369125276 -0.2001380768 -0.2756441075  0.4104596311  0.7594492918  0.1489424177 -0.0845016191  0.3006696745  0.6760228800 -0.0366699432  0.0648134483  0.1826068104  0.3282506080  0.0110476385  0.1182196875  0.3161453206  0.5471827277  0.8623331431 -0.1401793816  0.0226537247  0.6534522079 -0.2217115898  0.5210930516  0.4192189152  1.0000000000 -0.2100331982
 0.1777541277 -0.0157789088  0.2311948475  0.3406445682  0.0002738557  0.2233973782 -0.0054364206 -0.0846129058  0.0804704021 -0.3864935062 -0.0071856978 -0.1793486721  0.1566514733  0.0496245842 -0.3274508305 -0.1317879978 -0.2483493639 -0.1148089234 -0.2662965624 -0.3271901506 -0.2967273172  0.1337901554  0.0414753041 -0.3513480162 -0.0751315682 -0.4516818702  0.0249542652 -0.0122120910 -0.3500809119 -0.3043457188 -0.5133533722 -0.3529173739  0.1007359594 -0.1410422007 -0.1602362905 -0.1174001089 -0.1414664119  0.1294033922 -0.2566423342 -0.5869907557 -0.2100331982  1.0000000000
