 1.0000000000  0.8713685513  0.8838116044  0.8403415217  0.8094258071  0.6642333795  0.7472533744  0.3309762074  0.4103493886  0.2398299951  0.5096738750  0.4289832180  0.3909057421  0.7186133156  0.4774532702  0.5553598562 -0.4271871488 -0.0520267056 -0.3882752391  0.1300849408  0.4907107512  0.4581079631  0.4233698869  0.2182546023  0.5793858997  0.5020396520  0.7038224809  0.5376709608  0.0160229787  0.0251108432 -0.0822598950  0.1860423676  0.1983901093  0.0641879599 -0.1772256117 -0.3570982339 -0.1339311166 -0.1298658569 -0.0983877584  0.1159793706 -0.0657065063  0.3493486140
 0.8713685513  1.0000000000  0.7162320036  0.9037516814  0.8484790629  0.8180555882  0.8911135150  0.4049036004  0.4031090321  0.1761855166  0.5567542347  0.4300314911  0.3717160085  0.7383949265  0.4725092596  0.5102020999 -0.3779938629 -0.1105554346 -0.3286122692 -0.0969551863  0.2559186334  0.1667346636  0.4908026965  0.2473240118  0.5853754352  0.4612895245  0.6758471890  0.5345358908 -0.0180899708 -0.0459141379  0.0360190828  0.0336060441 -0.0820903694 -0.1955959043  0.0168933644 -0.2824234952  0.0159337114 -0.0725851706  0.1018860768  0.1002113374 -0.0139028591  0.3746326302
 0.8838116044  0.7162320036  1.0000000000  0.7398559753  0.6828176868  0.4731552125  0.6218334477  0.4151418785  0.2531033348  0.2753068838  0.3169715410  0.2533053831  0.2052032703  0.5636184309  0.4150501865  0.3209930226 -0.3594733840  0.0359974992 -0.3237700276  0.1709222263  0.5315459755  0.3848946266  0.3771368846  0.1531293479  0.4754992283  0.3715064246  0.5918343036  0.4260944471 -0.0081110988 -0.1814938590  0.0019779604  0.1702601020  0.1827808719  0.1340742507 -0.1266467204 -0.2367459623 -0.0557887119 -0.0994642069 -0.1183543305  0.0823610645 -0.0356374844  0.2265043417
 0.8403415217  0.9037516814  0.7398559753  1.0000000000  0.7311714700  0.6882912043  0.8242157520  0.4722866381  0.3239044104  0.2148162082  0.5751837650  0.4969365095  0.3658679460  0.6635115853  0.5343396934  0.4371815734 -0.4400706514 -0.0781295923 -0.3545644135 -0.0270193536  0.3435780105  0.1489274677  0.4710995606  0.2392661794  0.5872199165  0.4114680186  0.5936663850  0.3991414698  0.1086242882 -0.0826381429  0.0421919697  0.0145707290 -0.0303743579 -0.0452789662  0.0927458082 -0.1866172131  0.0797184925 -0.0296588208  0.0554075097  0.1066987752 -0.0213614157  0.2424061340
 0.8094258071  0.8484790629  0.6828176868  0.7311714700  1.0000000000  0.8933526204  0.9039625920  0.1798232027  0.4328069474  0.1341103998  0.5420009304  0.3978188964  0.4274381933  0.7538472868  0.3906251507  0.6337255670 -0.1076705735 -0.2823496962 -0.3445190867 -0.0579655300  0.2581927423  0.4175232416  0.2623755970  0.2309586047  0.4229363152  0.3924124259  0.6968147238  0.7103473015 -0.1030174720  0.0674848010 -0.0523735422  0.2031606529 -0.0026345062 -0.2448256156 -0.1884640428 -0.4153417703 -0.1279265049 -0.3161559450  0.1076046149  0.1409535887 -0.0245571114  0.6392368136
 0.6642333795  0.8180555882  0.4731552125  0.6882912043  0.8933526204  1.0000000000  0.8733346284  0.0590785293  0.5044483384  0.0082014677  0.5924262622  0.3982824753  0.4469361108  0.7200213071  0.2484343514  0.6693641943 -0.0670016833 -0.3074590106 -0.3386359821 -0.3073699801 -0.0207706101  0.2127708973  0.3030746253  0.2011765273  0.3376868323  0.2100069730  0.6088803609  0.7494971252 -0.0270034462  0.1631748584 -0.0602439702  0.1199573351 -0.2049407659 -0.4023664877 -0.0973274970 -0.3155324291 -0.1031200171 -0.3105775729  0.1604640227  0.0852157812 -0.0619544342  0.7185057782
 0.7472533744  0.8911135150  0.6218334477  0.8242157520  0.9039625920  0.8733346284  1.0000000000  0.2143072012  0.4062524020  0.1315949429  0.4478136784  0.2920938635  0.2254581888  0.7504161168  0.5071327754  0.5347268540 -0.2170008622 -0.2002933812 -0.2570207676 -0.1528284184  0.1582324787  0.1666701269  0.3937880499  0.1335322752  0.4748307252  0.3076119165  0.5529727464  0.5304906352  0.0100612340 -0.1331875511  0.0269867050  0.0655797247 -0.0825360989 -0.2899130956  0.0625719900 -0.2691452519  0.0092185625 -0.1979203462  0.1514483382  0.0600167025  0.0154288612  0.4635973426
 0.3309762074  0.4049036004  0.4151418785  0.4722866381  0.1798232027  0.0590785293  0.2143072012  1.0000000000 -0.1037083131  0.1831431538  0.2081620411  0.2698803887  0.2187289340  0.0928861187  0.1876507433 -0.0934602839 -0.3689162198 -0.0921030339 -0.0796149054  0.3122183811  0.5412094344 -0.1093694315  0.3048449333  0.4575000343  0.5106516971  0.5326078045  0.4113598184 -0.1122159020  0.0293057181 -0.3508348533  0.1667755241 -0.0887251729 -0.0202190519  0.0672157252  0.1425440080 -0.1329546281  0.1422575475  0.4245128963  0.0491975647  0.0542303382 -0.0598303036 -0.2046351250
 0.4103493886  0.4031090321  0.2531033348  0.3239044104  0.4328069474  0.5044483384  0.4062524020 -0.1037083131  1.0000000000  0.2179115921  0.3438430575  0.3074512650  0.2314138829  0.2899192343  0.3057636741  0.5960681664 -0.1912727226 -0.1978051885 -0.4087029701 -0.1384428566  0.1106150993  0.1936492430  0.0547589530  0.2309885546  0.3742296345  0.0001927240  0.3133326736  0.2672971368  0.0454454956  0.1084423979 -0.1339286726  0.4232818030 -0.1223613672  0.1618649485 -0.2785827788 -0.4357444629 -0.3446661535 -0.1398522350 -0.4119767286  0.1951149411 -0.1307275265  0.3194517416
 0.2398299951  0.1761855166  0.2753068838  0.2148162082  0.1341103998  0.0082014677  0.1315949429  0.1831431538  0.2179115921  1.0000000000  0.0351772893  0.0699751665 -0.0207974897 -0.0105604260  0.4463650075  0.1747726596 -0.2480755934 -0.0283548248 -0.0805709648  0.2110575374  0.2419357269  0.1465989752  0.0105119455 -0.0242337891  0.2341324204  0.0705444327  0.1723569059 -0.1126452937  0.1037945982 -0.1844044353 -0.0860194547  0.2800111151  0.1688464429  0.2884766944 -0.2186692084 -0.0788427595 -0.0890126597  0.1383829378 -0.2110907154  0.2329773722 -0.0554403530 -0.1672050289
 0.5096738750  0.5567542347  0.3169715410  0.5751837650  0.5420009304  0.5924262622  0.4478136784  0.2081620411  0.3438430575  0.0351772893  1.0000000000  0.9052520329  0.7352136963  0.4903719654  0.0833463232  0.3561187520 -0.1228587422 -0.2267732840 -0.3733343613 -0.1948988065  0.0901886584  0.1286224749  0.0435853165  0.1965661697  0.0653121778  0.1340595242  0.5451126869  0.5047918002  0.1103576658  0.1851204113  0.0355453157 -0.0625608762 -0.2305493222 -0.1183956432 -0.0139101619 -0.3696123408 -0.0936160633 -0.1089723865  0.1919930713  0.1750280284 -0.0040449824  0.4376340168
 0.4289832180  0.4300314911  0.2533053831  0.4969365095  0.3978188964  0.3982824753  0.2920938635  0.2698803887  0.3074512650  0.0699751665  0.9052520329  1.0000000000  0.7693173313  0.3284274067  0.0503629998  0.2882742703 -0.1620517529 -0.2004357507 -0.3949776886 -0.0281602345  0.2547987042  0.1492504107  0.0214960875  0.3408962186  0.1430098971  0.2111903780  0.5113254564  0.2786645197  0.0217924206  0.2093025553  0.0524866899 -0.0058068493 -0.2133229990  0.0622838456 -0.0595345559 -0.3205071148 -0.0855458929  0.0737327081  0.0520645575  0.2256366231  0.0003424536  0.2214261340
 0.3909057421  0.3717160085  0.2052032703  0.3658679460  0.4274381933  0.4469361108  0.2254581888  0.2187289340  0.2314138829 -0.0207974897  0.7352136963  0.7693173313  1.0000000000  0.3396341993 -0.0093297900  0.4656092497 -0.0548187673 -0.5613184361 -0.1404119164  0.0535359610  0.1628815215  0.2914130962  0.1876244088  0.4831921113  0.2521680644  0.4073940042  0.7472102944  0.4611955428  0.0949123451  0.4942146074 -0.0199547197  0.0309317608 -0.1179487812 -0.0861281055 -0.1698053279 -0.2998205151 -0.1835850446  0.0703994630  0.0592558535  0.1838982980 -0.0811675587  0.4258387486
 0.7186133156  0.7383949265  0.5636184309  0.6635115853  0.7538472868  0.7200213071  0.7504161168  0.0928861187  0.2899192343 -0.0105604260  0.4903719654  0.3284274067  0.3396341993  1.0000000000  0.4525907017  0.5683781348 -0.2585567601 -0.1280858751 -0.1588642760 -0.0340035044  0.1716462070  0.4200075482  0.2641686471 -0.0329670336  0.2378862520  0.2377980401  0.5261377156  0.6405019182  0.0874560533  0.0959197452 -0.0124109063  0.0122816645  0.1754048899 -0.1667032923 -0.0471329611 -0.3323665722 -0.0521657405 -0.3967424738  0.1141119734  0.0735471082  0.0511525814  0.5974178570
 0.4774532702  0.4725092596  0.4150501865  0.5343396934  0.3906251507  0.2484343514  0.5071327754  0.1876507433  0.3057636741  0.4463650075  0.0833463232  0.0503629998 -0.0093297900  0.4525907017  1.0000000000  0.4250821928 -0.6048220625 -0.0325662654  0.0067013844  0.0880511833  0.2049878152  0.2494030983  0.3113260279 -0.1878886061  0.3699016049  0.2913142625  0.3093592294  0.1008233383  0.2637869723 -0.2777492891 -0.0019593480  0.1256334089  0.2559440706  0.2352570324  0.1479565331 -0.2567109361 -0.0196750924 -0.1942782657 -0.2018330620  0.1298629509  0.0408616272  0.0671669008
 0.5553598562  0.5102020999  0.3209930226  0.4371815734  0.6337255670  0.6693641943  0.5347268540 -0.0934602839  0.5960681664  0.1747726596  0.3561187520  0.2882742703  0.4656092497  0.5683781348  0.4250821928  1.0000000000 -0.3109500137 -0.5093468999 -0.2520078154  0.0413008165  0.1476903144  0.5654593685  0.2269341635  0.1744722124  0.4310237744  0.2751634454  0.6185097714  0.6363914259  0.0199780754  0.4218616757 -0.2456471072  0.2841051975  0.2403790022 -0.0805383462 -0.3148133552 -0.4128669196 -0.2679632991 -0.2376359156 -0.1674265199  0.1524131046 -0.1126735425  0.6510335686
-0.4271871488 -0.3779938629 -0.3594733840 -0.4400706514 -0.1076705735 -0.0670016833 -0.2170008622 -0.3689162198 -0.1912727226 -0.2480755934 -0.1228587422 -0.1620517529 -0.0548187673 -0.2585567601 -0.6048220625 -0.3109500137  1.0000000000 -0.0873385950  0.0312776895  0.0122109975 -0.1472155228  0.0091668022 -0.5221982920  0.1216715715 -0.3793622867 -0.2356045421 -0.2519067388 -0.0341853903 -0.2393757678  0.1300246861  0.0427596239  0.0763547982 -0.1254018350 -0.1233694098 -0.1925408094  0.0956946393 -0.0387107674 -0.0663770446  0.2361172067  0.0102378549  0.0774988938  0.0860922842
-0.0520267056 -0.1105554346  0.0359974992 -0.0781295923 -0.2823496962 -0.3074590106 -0.2002933812 -0.0921030339 -0.1978051885 -0.0283548248 -0.2267732840 -0.2004357507 -0.5613184361 -0.1280858751 -0.0325662654 -0.5093468999 -0.0873385950  1.0000000000 -0.2326314942 -0.2129356263 -0.0592129719 -0.2045718708 -0.1266650883 -0.3891044642 -0.2462458895 -0.2590825216 -0.5393159053 -0.2189376311 -0.1456452769 -0.2632986390  0.0558370945 -0.0333118822 -0.0286730315  0.2004159159  0.0903187149  0.1697831232  0.1147025387 -0.2743988596 -0.1485744767 -0.0730647803  0.0475363868 -0.3131784168
-0.3882752391 -0.3286122692 -0.3237700276 -0.3545644135 -0.3445190867 -0.3386359821 -0.2570207676 -0.0796149054 -0.4087029701 -0.0805709648 -0.3733343613 -0.3949776886 -0.1404119164 -0.1588642760  0.0067013844 -0.2520078154  0.0312776895 -0.2326314942  1.0000000000 -0.0499581101 -0.3336410550 -0.3269093537  0.1120093128 -0.2725467638 -0.1750892770 -0.1270543491 -0.1367978341 -0.2544417072  0.3689177439 -0.1120131175 -0.0362458559 -0.4143705329 -0.0628330600 -0.2207836685  0.4016316652  0.2800058405  0.0843549860  0.1464973786  0.2399537128 -0.2828137843 -0.1032425766 -0.2184237748
 0.1300849408 -0.0969551863  0.1709222263 -0.0270193536 -0.0579655300 -0.3073699801 -0.1528284184  0.3122183811 -0.1384428566  0.2110575374 -0.1948988065 -0.0281602345  0.0535359610 -0.0340035044  0.0880511833  0.0413008165  0.0122109975 -0.2129356263 -0.0499581101  1.0000000000  0.7946018097  0.5871490375 -0.1731807417  0.3522057386  0.3122416324  0.4780204816  0.1963751338 -0.3292315752 -0.0767905887 -0.0949802044 -0.1281910277  0.2494403237  0.7676347318  0.5986452224 -0.2756178813 -0.1396841378 -0.1106742585  0.4215122563 -0.3072780551  0.1298175844 -0.0045341593 -0.2816981555
 0.4907107512  0.2559186334  0.5315459755  0.3435780105  0.2581927423 -0.0207706101  0.1582324787  0.5412094344  0.1106150993  0.2419357269  0.0901886584  0.2547987042  0.1628815215  0.1716462070  0.2049878152  0.1476903144 -0.1472155228 -0.0592129719 -0.3336410550  0.7946018097  1.0000000000  0.5589599876  0.0264034986  0.4869768489  0.5470456742  0.5822536960  0.3985092087 -0.1274609853 -0.1518741442 -0.2239824944 -0.0576898638  0.2938236488  0.5267564495  0.5752425200 -0.2607210249 -0.2999532175 -0.0972500967  0.2896230605 -0.3236625714  0.1798537440 -0.0327529198 -0.1503657941
 0.4581079631  0.1667346636  0.3848946266  0.1489274677  0.4175232416  0.2127708973  0.1666701269 -0.1093694315  0.1936492430  0.1465989752  0.1286224749  0.1492504107  0.2914130962  0.4200075482  0.2494030983  0.5654593685  0.0091668022 -0.2045718708 -0.3269093537  0.5871490375  0.5589599876  1.0000000000 -0.1449206952  0.0718666998  0.1271031531  0.3539089351  0.4259561140  0.4103731247 -0.1254147721  0.2706624073 -0.2683456254  0.4069605525  0.7432620240  0.4148694633 -0.5263738098 -0.4100929435 -0.3223288374 -0.2936019977 -0.2693591148  0.2074657138 -0.0385725519  0.4524259983
 0.4233698869  0.4908026965  0.3771368846  0.4710995606  0.2623755970  0.3030746253  0.3937880499  0.3048449333  0.0547589530  0.0105119455  0.0435853165  0.0214960875  0.1876244088  0.2641686471  0.3113260279  0.2269341635 -0.5221982920 -0.1266650883  0.1120093128 -0.1731807417  0.0264034986 -0.1449206952  1.0000000000  0.0515628138  0.4862218976  0.4001318727  0.4870739005  0.1760125389  0.1543318509 -0.1335125937  0.0676593423 -0.3101267259 -0.1460989404 -0.1492448808  0.3690389259  0.1126598010  0.0800451138  0.2089310737 -0.0261292090 -0.1816751291 -0.1085464444  0.0305743468
 0.2182546023  0.2473240118  0.1531293479  0.2392661794  0.2309586047  0.2011765273  0.1335322752  0.4575000343  0.2309885546 -0.0242337891  0.1965661697  0.3408962186  0.4831921113 -0.0329670336 -0.1878886061  0.1744722124  0.1216715715 -0.3891044642 -0.2725467638  0.3522057386  0.4869768489  0.0718666998  0.0515628138  1.0000000000  0.6123680239  0.5453853353  0.4170804604 -0.0733418341 -0.1868147306  0.1709804359 -0.0165017603  0.2469709873 -0.1225339783  0.0675066194 -0.3028469317 -0.1265896544 -0.0421898226  0.4554327539 -0.1235773444  0.1925107426 -0.1085608549 -0.0934105942
 0.5793858997  0.5853754352  0.4754992283  0.5872199165  0.4229363152  0.3376868323  0.4748307252  0.5106516971  0.3742296345  0.2341324204  0.0653121778  0.1430098971  0.2521680644  0.2378862520  0.3699016049  0.4310237744 -0.3793622867 -0.2462458895 -0.1750892770  0.3122416324  0.5470456742  0.1271031531  0.4862218976  0.6123680239  1.0000000000  0.6397885157  0.5653405492  0.0325713251 -0.0207508808  0.0002958814 -0.0319898503  0.2231816326  0.1066307045  0.0607701357 -0.0744418463 -0.1510630025 -0.0514874172  0.3774609311 -0.2369506668  0.0534650628 -0.1180149250 -0.0765192208
 0.5020396520  0.4612895245  0.3715064246  0.4114680186  0.3924124259  0.2100069730  0.3076119165  0.5326078045  0.0001927240  0.0705444327  0.1340595242  0.2111903780  0.4073940042  0.2377980401  0.2913142625  0.2751634454 -0.2356045421 -0.2590825216 -0.1270543491  0.4780204816  0.5822536960  0.3539089351  0.4001318727  0.5453853353  0.6397885157  1.0000000000  0.6130024802  0.1129677724 -0.0190933025  0.0131128130 -0.0163767466  0.1265203339  0.2892533505  0.0974089085 -0.0914992514 -0.2219846664 -0.0447311585  0.2703417548 -0.0145642896  0.0725694351 -0.0559750356  0.0012202148
 0.7038224809  0.6758471890  0.5918343036  0.5936663850  0.6968147238  0.6088803609  0.5529727464  0.4113598184  0.3133326736  0.1723569059  0.5451126869  0.5113254564  0.7472102944  0.5261377156  0.3093592294  0.6185097714 -0.2519067388 -0.5393159053 -0.1367978341  0.1963751338  0.3985092087  0.4259561140  0.4870739005  0.4170804604  0.5653405492  0.6130024802  1.0000000000  0.5674333051  0.0804111468  0.1416924632 -0.0082176383  0.0461175931  0.0828501089 -0.0638754647 -0.0910575138 -0.3381087366 -0.1607401774  0.1114197621 -0.0004821962  0.1267522051 -0.0784098830  0.4520604457
 0.5376709608  0.5345358908  0.4260944471  0.3991414698  0.7103473015  0.7494971252  0.5304906352 -0.1122159020  0.2672971368 -0.1126452937  0.5047918002  0.2786645197  0.4611955428  0.6405019182  0.1008233383  0.6363914259 -0.0341853903 -0.2189376311 -0.2544417072 -0.3292315752 -0.1274609853  0.4103731247  0.1760125389 -0.0733418341  0.0325713251  0.1129677724  0.5674333051  1.0000000000  0.0027583481  0.4326096958 -0.0677106949  0.0624200365 -0.0197730498 -0.4392906418 -0.2081059408 -0.2666660072 -0.1275334202 -0.6033052920  0.1911830172  0.0532174245 -0.0300215927  0.9151484061
 0.0160229787 -0.0180899708 -0.0081110988  0.1086242882 -0.1030174720 -0.0270034462  0.0100612340  0.0293057181  0.0454454956  0.1037945982  0.1103576658  0.0217924206  0.0949123451  0.0874560533  0.2637869723  0.0199780754 -0.2393757678 -0.1456452769  0.3689177439 -0.0767905887 -0.1518741442 -0.1254147721  0.1543318509 -0.1868147306 -0.0207508808 -0.0190933025  0.0804111468  0.0027583481  1.0000000000 -0.0551686359 -0.0689387492 -0.1209590374  0.0364194283  0.0207529712  0.4310824655  0.2283397200  0.0605862420 -0.0081559283 -0.0286430267 -0.0971147599 -0.1451827204 -0.0332716763
 0.0251108432 -0.0459141379 -0.1814938590 -0.0826381429  0.0674848010  0.1631748584 -0.1331875511 -0.3508348533  0.1084423979 -0.1844044353  0.1851204113  0.2093025553  0.4942146074  0.0959197452 -0.2777492891  0.4218616757  0.1300246861 -0.2632986390 -0.1120131175 -0.0949802044 -0.2239824944  0.2706624073 -0.1335125937  0.1709804359  0.0002958814  0.0131128130  0.1416924632  0.4326096958 -0.0551686359  1.0000000000 -0.1892163906  0.1417971912  0.0402230561 -0.2205632173 -0.3998596951 -0.0595690273 -0.1853924885 -0.2327299600  0.0019964378  0.0675443728 -0.0918016215  0.4048651609
-0.0822598950  0.0360190828  0.0019779604  0.0421919697 -0.0523735422 -0.0602439702  0.0269867050  0.1667755241 -0.1339286726 -0.0860194547  0.0355453157  0.0524866899 -0.0199547197 -0.0124109063 -0.0019593480 -0.2456471072  0.0427596239  0.0558370945 -0.0362458559 -0.1281910277 -0.0576898638 -0.2683456254  0.0676593423 -0.0165017603 -0.0319898503 -0.0163767466 -0.0082176383 -0.0677106949 -0.0689387492 -0.1892163906  1.0000000000  0.1647336160 -0.2901585588 -0.0698248794  0.1205541556  0.1256595838  0.6287524158  0.0852187293 -0.0438872287  0.6192439079  0.9052278699 -0.1117229336
 0.1860423676  0.0336060441  0.1702601020  0.0145707290  0.2031606529  0.1199573351  0.0655797247 -0.0887251729  0.4232818030  0.2800111151 -0.0625608762 -0.0058068493  0.0309317608  0.0122816645  0.1256334089  0.2841051975  0.0763547982 -0.0333118822 -0.4143705329  0.2494403237  0.2938236488  0.4069605525 -0.3101267259  0.2469709873  0.2231816326  0.1265203339  0.0461175931  0.0624200365 -0.1209590374  0.1417971912  0.1647336160  1.0000000000  0.2122407267  0.2738887240 -0.5747476067 -0.1750709066 -0.0375795192 -0.1717283879 -0.5070954273  0.6652816018  0.2922646822  0.1304755791
 0.1983901093 -0.0820903694  0.1827808719 -0.0303743579 -0.0026345062 -0.2049407659 -0.0825360989 -0.0202190519 -0.1223613672  0.1688464429 -0.2305493222 -0.2133229990 -0.1179487812  0.1754048899  0.2559440706  0.2403790022 -0.1254018350 -0.0286730315 -0.0628330600  0.7676347318  0.5267564495  0.7432620240 -0.1460989404 -0.1225339783  0.1066307045  0.2892533505  0.0828501089 -0.0197730498  0.0364194283  0.0402230561 -0.2901585588  0.2122407267  1.0000000000  0.4722983876 -0.2514249335 -0.1263229210 -0.1574245997 -0.0241861983 -0.2852342606  0.0176316560 -0.0493833629  0.0124489615
 0.0641879599 -0.1955959043  0.1340742507 -0.0452789662 -0.2448256156 -0.4023664877 -0.2899130956  0.0672157252  0.1618649485  0.2884766944 -0.1183956432  0.0622838456 -0.0861281055 -0.1667032923  0.2352570324 -0.0805383462 -0.1233694098  0.2004159159 -0.2207836685  0.5986452224  0.5752425200  0.4148694633 -0.1492448808  0.0675066194  0.0607701357  0.0974089085 -0.0638754647 -0.4392906418  0.0207529712 -0.2205632173 -0.0698248794  0.2738887240  0.4722983876  1.0000000000 -0.2113530325 -0.1864895523 -0.1690184573  0.2016103433 -0.5871709529  0.2282893037 -0.0008679466 -0.3748285317
-0.1772256117  0.0168933644 -0.1266467204  0.0927458082 -0.1884640428 -0.0973274970  0.0625719900  0.1425440080 -0.2785827788 -0.2186692084 -0.0139101619 -0.0595345559 -0.1698053279 -0.0471329611  0.1479565331 -0.3148133552 -0.1925408094  0.0903187149  0.4016316652 -0.2756178813 -0.2607210249 -0.5263738098  0.3690389259 -0.3028469317 -0.0744418463 -0.0914992514 -0.0910575138 -0.2081059408  0.4310824655 -0.3998596951  0.1205541556 -0.5747476067 -0.2514249335 -0.2113530325  1.0000000000  0.4103336345  0.3766064254  0.1779453400  0.2442828517 -0.3452468735 -0.0428716152 -0.2509117037
-0.3570982339 -0.2824234952 -0.2367459623 -0.1866172131 -0.4153417703 -0.3155324291 -0.2691452519 -0.1329546281 -0.4357444629 -0.0788427595 -0.3696123408 -0.3205071148 -0.2998205151 -0.3323665722 -0.2567109361 -0.4128669196  0.0956946393  0.1697831232  0.2800058405 -0.1396841378 -0.2999532175 -0.4100929435  0.1126598010 -0.1265896544 -0.1510630025 -0.2219846664 -0.3381087366 -0.2666660072  0.2283397200 -0.0595690273  0.1256595838 -0.1750709066 -0.1263229210 -0.1864895523  0.4103336345  1.0000000000  0.5888141584  0.2097086131  0.0491736935 -0.0370042852  0.0849767751 -0.3421343230
-0.1339311166  0.0159337114 -0.0557887119  0.0797184925 -0.1279265049 -0.1031200171  0.0092185625  0.1422575475 -0.3446661535 -0.0890126597 -0.0936160633 -0.0855458929 -0.1835850446 -0.0521657405 -0.0196750924 -0.2679632991 -0.0387107674  0.1147025387  0.0843549860 -0.1106742585 -0.0972500967 -0.3223288374  0.0800451138 -0.0421898226 -0.0514874172 -0.0447311585 -0.1607401774 -0.1275334202  0.0605862420 -0.1853924885  0.6287524158 -0.0375795192 -0.1574245997 -0.1690184573  0.3766064254  0.5888141584  1.0000000000  0.1050423429  0.1155075012  0.4392801538  0.6415522803 -0.2094108185
-0.1298658569 -0.0725851706 -0.0994642069 -0.0296588208 -0.3161559450 -0.3105775729 -0.1979203462  0.4245128963 -0.1398522350  0.1383829378 -0.1089723865  0.0737327081  0.0703994630 -0.3967424738 -0.1942782657 -0.2376359156 -0.0663770446 -0.2743988596  0.1464973786  0.4215122563  0.2896230605 -0.2936019977  0.2089310737  0.4554327539  0.3774609311  0.2703417548  0.1114197621 -0.6033052920 -0.0081559283 -0.2327299600  0.0852187293 -0.1717283879 -0.0241861983  0.2016103433  0.1779453400  0.2097086131  0.1050423429  1.0000000000 -0.0327147160 -0.0644069628 -0.0339162048 -0.6545682733
-0.0983877584  0.1018860768 -0.1183543305  0.0554075097  0.1076046149  0.1604640227  0.1514483382  0.0491975647 -0.4119767286 -0.2110907154  0.1919930713  0.0520645575  0.0592558535  0.1141119734 -0.2018330620 -0.1674265199  0.2361172067 -0.1485744767  0.2399537128 -0.3072780551 -0.3236625714 -0.2693591148 -0.0261292090 -0.1235773444 -0.2369506668 -0.0145642896 -0.0004821962  0.1911830172 -0.0286430267  0.0019964378 -0.0438872287 -0.5070954273 -0.2852342606 -0.5871709529  0.2442828517  0.0491736935  0.1155075012 -0.0327147160  1.0000000000 -0.3435969833 -0.0639805081  0.1417249467
 0.1159793706  0.1002113374  0.0823610645  0.1066987752  0.1409535887  0.0852157812  0.0600167025  0.0542303382  0.1951149411  0.2329773722  0.1750280284  0.2256366231  0.1838982980  0.0735471082  0.1298629509  0.1524131046  0.0102378549 -0.0730647803 -0.2828137843  0.1298175844  0.1798537440  0.2074657138 -0.1816751291  0.1925107426  0.0534650628  0.0725694351  0.1267522051  0.0532174245 -0.0971147599  0.0675443728  0.6192439079  0.6652816018  0.0176316560  0.2282893037 -0.3452468735 -0.0370042852  0.4392801538 -0.0644069628 -0.3435969833  1.0000000000  0.7134395221  0.0800697077
-0.0657065063 -0.0139028591 -0.0356374844 -0.0213614157 -0.0245571114 -0.0619544342  0.0154288612 -0.0598303036 -0.1307275265 -0.0554403530 -0.0040449824  0.0003424536 -0.0811675587  0.0511525814  0.0408616272 -0.1126735425  0.0774988938  0.0475363868 -0.1032425766 -0.0045341593 -0.0327529198 -0.0385725519 -0.1085464444 -0.1085608549 -0.1180149250 -0.0559750356 -0.0784098830 -0.0300215927 -0.1451827204 -0.0918016215  0.9052278699  0.2922646822 -0.0493833629 -0.0008679466 -0.0428716152  0.0849767751  0.6415522803 -0.0339162048 -0.0639805081  0.7134395221  1.0000000000 -0.0497169835
 0.3493486140  0.3746326302  0.2265043417  0.2424061340  0.6392368136  0.7185057782  0.4635973426 -0.2046351250  0.3194517416 -0.1672050289  0.4376340168  0.2214261340  0.4258387486  0.5974178570  0.0671669008  0.6510335686  0.0860922842 -0.3131784168 -0.2184237748 -0.2816981555 -0.1503657941  0.4524259983  0.0305743468 -0.0934105942 -0.0765192208  0.0012202148  0.4520604457  0.9151484061 -0.0332716763  0.4048651609 -0.1117229336  0.1304755791  0.0124489615 -0.3748285317 -0.2509117037 -0.3421343230 -0.2094108185 -0.6545682733  0.1417249467  0.0800697077 -0.0497169835  1.0000000000
