 1.000000e+00  1.553593e-01  8.593534e-01  5.184358e-01  2.119706e-01  5.663992e-01  2.158449e-01 -9.013899e-02 -2.951496e-01  2.581061e-02  1.356924e-01  2.382562e-02  9.940812e-02  1.735994e-01 -2.051459e-02 -1.745075e-02  8.728661e-02  2.853053e-01 -7.819476e-02  7.917264e-02  1.502406e-02 -1.856461e-01 -1.035447e-01  7.452883e-02 -1.638560e-01  1.795099e-01 -1.534113e-01  1.517175e-01  2.111383e-02  1.024474e-01  2.324113e-01  1.348645e-01 -2.406125e-01 -8.345922e-02  2.562865e-02 -9.254139e-02 -4.693267e-02 -2.279265e-01 -1.182010e-01  9.036379e-02  2.139235e-02 -1.525117e-01
 1.553593e-01  1.000000e+00  4.685225e-02  5.010100e-01  3.646314e-01  6.058456e-01  4.243950e-01  6.346801e-02  1.073475e-01  6.908583e-02  9.818326e-02  2.540070e-02 -2.306152e-01  2.077448e-01 -1.094379e-01 -2.039392e-02  6.943547e-02  5.774578e-01  2.011410e-01 -4.514625e-01 -5.358095e-01  6.241635e-03  9.313199e-02 -1.134372e-01 -4.878077e-01 -2.715513e-01 -1.554104e-01 -3.205726e-01  1.514225e-01 -1.593693e-01 -1.003403e-01 -2.547473e-01 -5.391469e-01 -1.549833e-01  1.131965e-01  4.699980e-02 -1.026658e-01 -1.565567e-01 -2.896038e-01  3.841464e-02 -3.449648e-01 -1.481470e-02
 8.593534e-01  4.685225e-02  1.000000e+00  2.488888e-01  1.416178e-01  3.756288e-01 -1.216969e-01 -1.404226e-01 -4.325788e-01 -3.202244e-02  8.703591e-02 -4.070722e-03  1.566981e-01  1.292099e-01 -1.018822e-01 -1.179460e-01 -2.112373e-02  2.214181e-01 -1.043252e-01  9.445025e-02 -4.385813e-04 -1.332053e-01 -2.522245e-01 -4.559583e-03 -2.069677e-01  1.958667e-01 -2.079586e-01  1.056776e-01 -2.216441e-02  1.165332e-01  2.565097e-01  1.343139e-01 -1.933861e-01 -7.428583e-02 -7.657718e-02  2.891061e-02 -8.834624e-02  1.356089e-02 -1.079909e-01  1.697382e-01 -7.768277e-02 -2.047952e-01
 5.184358e-01  5.010100e-01  2.488888e-01  1.000000e+00  2.477583e-01  7.338493e-01  6.245815e-01  1.120648e-01 -2.918042e-02  1.247392e-01  1.159543e-01  3.189083e-02 -1.237129e-01  1.873924e-01  6.320775e-02  9.885727e-02  1.010186e-01  2.774323e-01 -8.603967e-02 -1.707941e-01 -1.466311e-01 -2.028170e-02  5.039966e-03  4.741831e-02 -2.840697e-01 -5.799042e-02 -8.589503e-02  2.804217e-02  4.217565e-02 -7.750487e-02 -4.420596e-02 -1.901303e-02 -3.193165e-01 -9.224403e-02  1.568417e-01 -2.143573e-01 -4.052092e-02 -4.511056e-01 -1.699486e-01 -1.187052e-02  5.977829e-02  4.526865e-02
 2.119706e-01  3.646314e-01  1.416178e-01  2.477583e-01  1.000000e+00  5.225080e-01  3.726530e-01  3.023552e-01  1.523248e-01  7.303254e-02 -1.684921e-01  1.215938e-01  6.009858e-02  2.315176e-01  1.154303e-01 -1.950157e-01 -1.280779e-01  1.183387e-01 -1.602146e-01  5.490807e-02  2.083394e-02 -1.765332e-01  1.281005e-01  2.039086e-02  1.591882e-01  1.000556e-01 -9.077735e-02  2.020476e-01  2.653743e-03  2.886187e-01 -8.350233e-02 -2.503989e-02 -7.741673e-02 -1.168796e-01 -3.429113e-01  4.387651e-01 -4.914488e-02  4.406195e-03  7.463759e-02  3.354872e-01  1.425396e-01 -4.992327e-02
 5.663992e-01  6.058456e-01  3.756288e-01  7.338493e-01  5.225080e-01  1.000000e+00  5.831366e-01  1.753099e-01 -7.099569e-02  5.669032e-02  2.452065e-01  4.165003e-02  3.479215e-02  2.998794e-01  8.067501e-02  6.520701e-02  1.550751e-01  3.197278e-01 -1.041097e-01 -1.462584e-01 -2.590904e-01 -2.819873e-02  7.745085e-03  1.940044e-03 -1.745158e-01 -5.187871e-02 -3.897987e-03  1.951798e-01  7.985589e-02  1.137626e-01  7.368964e-02 -1.035903e-01 -3.613273e-01 -1.808857e-01  1.968248e-02 -3.449600e-02 -1.443546e-01 -3.155201e-01 -1.577041e-01  5.426329e-02 -9.539738e-02  9.295142e-04
 2.158449e-01  4.243950e-01 -1.216969e-01  6.245815e-01  3.726530e-01  5.831366e-01  1.000000e+00  3.470391e-01  1.682257e-01  1.410814e-01  1.450942e-01  6.379367e-02  1.274531e-01  1.408055e-01  2.210257e-01  1.266001e-01  1.992257e-03  1.907833e-01 -1.443952e-01 -3.633677e-02  7.732069e-02  1.612181e-02  1.504107e-01  1.601059e-01  3.957557e-02  1.617531e-03  1.538358e-01  2.500705e-01 -2.678582e-02  3.097652e-02 -1.727212e-01 -1.319887e-02 -2.282474e-02  4.148823e-02  7.606116e-02 -2.221924e-01  4.044545e-03 -5.731600e-01 -3.477860e-02  3.592518e-02  2.847036e-01  2.494363e-01
-9.013899e-02  6.346801e-02 -1.404226e-01  1.120648e-01  3.023552e-01  1.753099e-01  3.470391e-01  1.000000e+00  6.636785e-01  6.146121e-01  1.913688e-01  6.895327e-01  1.485435e-01  6.419130e-01  7.408872e-01  8.008902e-02 -5.609746e-01 -3.606242e-01 -6.014834e-01  6.348696e-01  4.429093e-01  2.229121e-01  6.380749e-01  4.914893e-01  5.115384e-01  5.463877e-01  3.262446e-01  4.904789e-01  5.732789e-01  7.021880e-01  2.311212e-01  4.010445e-01  4.565086e-01  4.848292e-01 -4.090509e-01  2.960040e-01  5.000360e-01 -1.570004e-02  4.791911e-01  3.273054e-01  4.887461e-01  2.580734e-01
-2.951496e-01  1.073475e-01 -4.325788e-01 -2.918042e-02  1.523248e-01 -7.099569e-02  1.682257e-01  6.636785e-01  1.000000e+00  6.952492e-01 -9.138163e-03  7.545018e-01 -2.566736e-02  5.501825e-01  6.826196e-01 -1.941196e-03 -3.921055e-01 -2.381737e-01 -1.383508e-01  5.559821e-01  3.728814e-01  9.573782e-02  8.795654e-01  5.666144e-01  4.925107e-01  4.844181e-01  1.983316e-01  1.045763e-01  7.023028e-01  5.621770e-01  2.723896e-01  3.837077e-01  2.829699e-01  5.333183e-01 -3.708971e-01  3.661929e-01  6.694434e-01  1.195801e-01  4.304289e-01  1.904126e-01  3.212080e-01  2.212631e-01
 2.581061e-02  6.908583e-02 -3.202244e-02  1.247392e-01  7.303254e-02  5.669032e-02  1.410814e-01  6.146121e-01  6.952492e-01  1.000000e+00  7.599433e-02  8.470794e-01  2.357640e-01  5.380565e-01  6.963978e-01  1.630882e-01 -4.719410e-01 -3.774626e-01 -4.126685e-01  7.067994e-01  5.086016e-01  2.065519e-01  6.743947e-01  8.826271e-01  5.312826e-01  7.587370e-01  2.075313e-01  3.803697e-01  6.606712e-01  6.777772e-01  6.268722e-01  7.773075e-01  3.341599e-01  7.799504e-01 -2.851982e-01  2.829334e-01  8.723844e-01  6.967529e-02  5.439914e-01  1.558007e-01  5.123242e-01  1.778177e-01
 1.356924e-01  9.818326e-02  8.703591e-02  1.159543e-01 -1.684921e-01  2.452065e-01  1.450942e-01  1.913688e-01 -9.138163e-03  7.599433e-02  1.000000e+00  1.263968e-01 -1.224546e-02  2.598330e-01  2.283605e-01  2.748659e-01  3.865999e-02  1.173029e-02 -1.960231e-01 -2.287695e-02 -2.150416e-02  2.743050e-01 -2.050437e-02  1.563444e-02 -5.122451e-05 -3.617737e-05  2.694165e-01  2.492486e-01  1.743151e-01  1.085838e-01  2.215551e-01  8.498546e-02  1.039484e-01  7.056951e-02  2.605285e-01 -2.286482e-01  5.066478e-02 -1.620304e-01 -1.142884e-01 -1.496721e-01 -5.609724e-02  6.626596e-02
 2.382562e-02  2.540070e-02 -4.070722e-03  3.189083e-02  1.215938e-01  4.165003e-02  6.379367e-02  6.895327e-01  7.545018e-01  8.470794e-01  1.263968e-01  1.000000e+00  3.260431e-01  7.104046e-01  8.503529e-01  2.355073e-01 -6.586886e-01 -5.043435e-01 -4.459273e-01  7.598035e-01  5.148461e-01  2.790815e-01  8.135894e-01  7.932096e-01  5.930378e-01  8.105013e-01  2.731096e-01  3.968239e-01  8.670918e-01  7.604087e-01  6.382478e-01  7.458935e-01  4.937182e-01  8.320382e-01 -2.430667e-01  2.521654e-01  8.612974e-01  9.811287e-02  5.439373e-01  2.168917e-01  5.024148e-01  2.260818e-01
 9.940812e-02 -2.306152e-01  1.566981e-01 -1.237129e-01  6.009858e-02  3.479215e-02  1.274531e-01  1.485435e-01 -2.566736e-02  2.357640e-01 -1.224546e-02  3.260431e-01  1.000000e+00  9.987066e-02  2.848475e-01  3.379973e-01 -3.880384e-01 -5.474968e-01 -3.203543e-01  4.345114e-01  3.447606e-01  4.038830e-01  5.606874e-02  3.913520e-01  5.264971e-01  4.803783e-01  3.460574e-01  5.420341e-01  3.739148e-02  2.216934e-01  2.681044e-01  4.067392e-01  5.512625e-01  5.256148e-01  8.940443e-02 -1.228599e-01  3.783851e-01 -2.053893e-01  3.009951e-01  6.305718e-02  4.567817e-01  2.980206e-01
 1.735994e-01  2.077448e-01  1.292099e-01  1.873924e-01  2.315176e-01  2.998794e-01  1.408055e-01  6.419130e-01  5.501825e-01  5.380565e-01  2.598330e-01  7.104046e-01  9.987066e-02  1.000000e+00  6.314616e-01  5.014633e-02 -3.943218e-01 -1.723904e-01 -3.174634e-01  4.781818e-01  1.967083e-01  1.677814e-01  5.893181e-01  4.304272e-01  2.606677e-01  4.771903e-01  1.654408e-01  2.803574e-01  7.161428e-01  6.729012e-01  5.067382e-01  3.420559e-01  2.002542e-01  3.920576e-01 -2.502307e-01  3.272876e-01  4.413818e-01 -4.108174e-02  2.444815e-01  2.007850e-01  1.559804e-01  4.509433e-02
-2.051459e-02 -1.094379e-01 -1.018822e-01  6.320775e-02  1.154303e-01  8.067501e-02  2.210257e-01  7.408872e-01  6.826196e-01  6.963978e-01  2.283605e-01  8.503529e-01  2.848475e-01  6.314616e-01  1.000000e+00  3.220957e-01 -7.147380e-01 -5.931548e-01 -6.160687e-01  7.511879e-01  6.494138e-01  2.669031e-01  7.092622e-01  7.001078e-01  6.651616e-01  7.618469e-01  4.284600e-01  5.876932e-01  7.361558e-01  7.681708e-01  5.014548e-01  6.658465e-01  6.742291e-01  7.553861e-01 -2.768394e-01  1.077526e-01  6.931385e-01 -1.229433e-02  5.284977e-01  2.217721e-01  6.613978e-01  3.238304e-01
-1.745075e-02 -2.039392e-02 -1.179460e-01  9.885727e-02 -1.950157e-01  6.520701e-02  1.266001e-01  8.008902e-02 -1.941196e-03  1.630882e-01  2.748659e-01  2.355073e-01  3.379973e-01  5.014633e-02  3.220957e-01  1.000000e+00 -1.673946e-01 -3.955575e-01 -1.868407e-01  1.314227e-01  8.415373e-02  4.589947e-01  9.946430e-02  2.622464e-01  2.621220e-01  1.634534e-01  3.491170e-01  2.078268e-01  2.505190e-01 -3.531322e-03  2.118526e-01  2.453947e-01  2.721031e-01  3.310747e-01  4.944980e-01 -4.980798e-01  2.763988e-01 -3.947813e-01 -2.477821e-02 -3.443377e-01  2.185119e-01  3.300364e-01
 8.728661e-02  6.943547e-02 -2.112373e-02  1.010186e-01 -1.280779e-01  1.550751e-01  1.992257e-03 -5.609746e-01 -3.921055e-01 -4.719410e-01  3.865999e-02 -6.586886e-01 -3.880384e-01 -3.943218e-01 -7.147380e-01 -1.673946e-01  1.000000e+00  5.468723e-01  6.799404e-01 -5.827083e-01 -5.862383e-01 -2.878268e-01 -4.562559e-01 -4.659226e-01 -4.311898e-01 -6.704562e-01 -3.428847e-01 -4.678836e-01 -5.051071e-01 -5.651395e-01 -2.636170e-01 -5.835483e-01 -7.245689e-01 -7.049073e-01  2.541429e-01 -1.583370e-01 -5.094893e-01 -1.020062e-01 -4.642592e-01 -4.164590e-01 -6.722537e-01 -2.518783e-01
 2.853053e-01  5.774578e-01  2.214181e-01  2.774323e-01  1.183387e-01  3.197278e-01  1.907833e-01 -3.606242e-01 -2.381737e-01 -3.774626e-01  1.173029e-02 -5.043435e-01 -5.474968e-01 -1.723904e-01 -5.931548e-01 -3.955575e-01  5.468723e-01  1.000000e+00  6.154431e-01 -6.340329e-01 -5.602194e-01 -3.606977e-01 -2.823719e-01 -4.825576e-01 -7.328724e-01 -6.050284e-01 -4.481922e-01 -6.075413e-01 -2.777322e-01 -4.627187e-01 -3.506655e-01 -6.083934e-01 -7.915602e-01 -6.233213e-01  3.121478e-02  2.541669e-02 -5.553199e-01 -6.654394e-02 -5.395411e-01 -3.322940e-03 -6.579482e-01 -1.937591e-01
-7.819476e-02  2.011410e-01 -1.043252e-01 -8.603967e-02 -1.602146e-01 -1.041097e-01 -1.443952e-01 -6.014834e-01 -1.383508e-01 -4.126685e-01 -1.960231e-01 -4.459273e-01 -3.203543e-01 -3.174634e-01 -6.160687e-01 -1.868407e-01  6.799404e-01  6.154431e-01  1.000000e+00 -5.183618e-01 -5.659596e-01 -2.471833e-01 -1.516706e-01 -3.850482e-01 -4.417242e-01 -5.744232e-01 -3.713122e-01 -7.570802e-01 -2.618806e-01 -6.266530e-01 -3.304666e-01 -6.079129e-01 -6.484344e-01 -5.006296e-01  2.023146e-01 -5.128236e-02 -3.078648e-01  2.632260e-03 -3.548740e-01 -3.537266e-01 -6.990224e-01 -1.057334e-01
 7.917264e-02 -4.514625e-01  9.445025e-02 -1.707941e-01  5.490807e-02 -1.462584e-01 -3.633677e-02  6.348696e-01  5.559821e-01  7.067994e-01 -2.287695e-02  7.598035e-01  4.345114e-01  4.781818e-01  7.511879e-01  1.314227e-01 -5.827083e-01 -6.340329e-01 -5.183618e-01  1.000000e+00  8.075646e-01  1.525699e-01  6.378991e-01  7.910691e-01  7.911424e-01  8.714326e-01  2.841506e-01  5.777100e-01  5.310422e-01  7.726761e-01  5.144515e-01  7.019010e-01  6.658179e-01  7.087059e-01 -4.236306e-01  2.936322e-01  7.574093e-01  8.173772e-02  6.686911e-01  2.672735e-01  7.035527e-01  2.045233e-01
 1.502406e-02 -5.358095e-01 -4.385813e-04 -1.466311e-01  2.083394e-02 -2.590904e-01  7.732069e-02  4.429093e-01  3.728814e-01  5.086016e-01 -2.150416e-02  5.148461e-01  3.447606e-01  1.967083e-01  6.494138e-01  8.415373e-02 -5.862383e-01 -5.602194e-01 -5.659596e-01  8.075646e-01  1.000000e+00  4.326287e-02  4.087794e-01  6.199954e-01  7.111323e-01  7.078179e-01  2.896069e-01  5.919993e-01  2.889108e-01  6.372423e-01  3.414815e-01  6.309083e-01  7.499990e-01  5.807062e-01 -3.514126e-01  9.635287e-02  5.056571e-01 -3.258844e-02  4.684136e-01  2.479143e-01  8.285510e-01  2.440263e-01
-1.856461e-01  6.241635e-03 -1.332053e-01 -2.028170e-02 -1.765332e-01 -2.819873e-02  1.612181e-02  2.229121e-01  9.573782e-02  2.065519e-01  2.743050e-01  2.790815e-01  4.038830e-01  1.677814e-01  2.669031e-01  4.589947e-01 -2.878268e-01 -3.606977e-01 -2.471833e-01  1.525699e-01  4.326287e-02  1.000000e+00  9.525017e-02  1.703957e-01  2.421818e-01  1.712659e-01  2.214093e-01  2.790041e-01  1.836895e-01  1.234659e-01  1.731927e-01  2.228617e-01  3.382716e-01  3.431453e-01  2.791734e-01 -1.770547e-01  2.992316e-01 -2.432042e-01  5.499581e-02 -2.277114e-02  1.870780e-01  2.994663e-01
-1.035447e-01  9.313199e-02 -2.522245e-01  5.039966e-03  1.281005e-01  7.745085e-03  1.504107e-01  6.380749e-01  8.795654e-01  6.743947e-01 -2.050437e-02  8.135894e-01  5.606874e-02  5.893181e-01  7.092622e-01  9.946430e-02 -4.562559e-01 -2.823719e-01 -1.516706e-01  6.378991e-01  4.087794e-01  9.525017e-02  1.000000e+00  6.683807e-01  4.841765e-01  5.681914e-01  2.087103e-01  1.308870e-01  8.095075e-01  6.036810e-01  3.707786e-01  4.210581e-01  3.134273e-01  5.920914e-01 -3.147002e-01  2.728555e-01  7.171142e-01  1.013282e-01  5.145994e-01  1.251355e-01  3.735176e-01  2.212404e-01
 7.452883e-02 -1.134372e-01 -4.559583e-03  4.741831e-02  2.039086e-02  1.940044e-03  1.601059e-01  4.914893e-01  5.666144e-01  8.826271e-01  1.563444e-02  7.932096e-01  3.913520e-01  4.304272e-01  7.001078e-01  2.622464e-01 -4.659226e-01 -4.825576e-01 -3.850482e-01  7.910691e-01  6.199954e-01  1.703957e-01  6.683807e-01  1.000000e+00  6.236910e-01  8.484515e-01  2.211663e-01  4.544705e-01  5.827960e-01  6.598700e-01  6.742682e-01  7.997763e-01  4.629428e-01  8.340608e-01 -2.410359e-01  1.996815e-01  8.521005e-01  5.633528e-03  6.035998e-01  1.639347e-01  6.027140e-01  2.128561e-01
-1.638560e-01 -4.878077e-01 -2.069677e-01 -2.840697e-01  1.591882e-01 -1.745158e-01  3.957557e-02  5.115384e-01  4.925107e-01  5.312826e-01 -5.122451e-05  5.930378e-01  5.264971e-01  2.606677e-01  6.651616e-01  2.621220e-01 -4.311898e-01 -7.328724e-01 -4.417242e-01  7.911424e-01  7.111323e-01  2.421818e-01  4.841765e-01  6.236910e-01  1.000000e+00  6.743203e-01  2.968370e-01  6.523771e-01  3.509041e-01  6.505463e-01  3.725993e-01  5.737151e-01  6.830812e-01  5.654194e-01 -2.738923e-01  2.049066e-01  5.969051e-01  2.198216e-02  5.819297e-01  1.568791e-01  6.843693e-01  2.881718e-01
 1.795099e-01 -2.715513e-01  1.958667e-01 -5.799042e-02  1.000556e-01 -5.187871e-02  1.617531e-03  5.463877e-01  4.844181e-01  7.587370e-01 -3.617737e-05  8.105013e-01  4.803783e-01  4.771903e-01  7.618469e-01  1.634534e-01 -6.704562e-01 -6.050284e-01 -5.744232e-01  8.714326e-01  7.078179e-01  1.712659e-01  5.681914e-01  8.484515e-01  6.743203e-01  1.000000e+00  2.942461e-01  6.043008e-01  5.670054e-01  7.846141e-01  6.844597e-01  8.323115e-01  6.334296e-01  8.425563e-01 -3.354055e-01  3.176615e-01  7.788183e-01  1.685184e-01  6.148813e-01  3.689094e-01  6.778022e-01  1.780093e-01
-1.534113e-01 -1.554104e-01 -2.079586e-01 -8.589503e-02 -9.077735e-02 -3.897987e-03  1.538358e-01  3.262446e-01  1.983316e-01  2.075313e-01  2.694165e-01  2.731096e-01  3.460574e-01  1.654408e-01  4.284600e-01  3.491170e-01 -3.428847e-01 -4.481922e-01 -3.713122e-01  2.841506e-01  2.896069e-01  2.214093e-01  2.087103e-01  2.211663e-01  2.968370e-01  2.942461e-01  1.000000e+00  3.773663e-01  2.188875e-01  2.021152e-01  1.109285e-01  2.779825e-01  4.688028e-01  3.920178e-01  7.989888e-02 -2.118021e-01  2.952117e-01 -7.445017e-02  2.507131e-01 -8.075372e-02  4.012082e-01  6.423513e-02
 1.517175e-01 -3.205726e-01  1.056776e-01  2.804217e-02  2.020476e-01  1.951798e-01  2.500705e-01  4.904789e-01  1.045763e-01  3.803697e-01  2.492486e-01  3.968239e-01  5.420341e-01  2.803574e-01  5.876932e-01  2.078268e-01 -4.678836e-01 -6.075413e-01 -7.570802e-01  5.777100e-01  5.919993e-01  2.790041e-01  1.308870e-01  4.544705e-01  6.523771e-01  6.043008e-01  3.773663e-01  1.000000e+00  1.537993e-01  6.451257e-01  4.191787e-01  5.795805e-01  6.782299e-01  4.761240e-01 -2.103393e-01  8.436307e-02  3.314194e-01 -1.021707e-01  4.283843e-01  3.368899e-01  7.058615e-01  1.862342e-01
 2.111383e-02  1.514225e-01 -2.216441e-02  4.217565e-02  2.653743e-03  7.985589e-02 -2.678582e-02  5.732789e-01  7.023028e-01  6.606712e-01  1.743151e-01  8.670918e-01  3.739148e-02  7.161428e-01  7.361558e-01  2.505190e-01 -5.051071e-01 -2.777322e-01 -2.618806e-01  5.310422e-01  2.889108e-01  1.836895e-01  8.095075e-01  5.827960e-01  3.509041e-01  5.670054e-01  2.188875e-01  1.537993e-01  1.000000e+00  6.469593e-01  5.998289e-01  5.276579e-01  2.498818e-01  6.188308e-01 -1.675878e-01  1.929255e-01  6.538098e-01  1.568792e-01  3.734615e-01  1.418126e-01  2.164507e-01  1.526181e-01
 1.024474e-01 -1.593693e-01  1.165332e-01 -7.750487e-02  2.886187e-01  1.137626e-01  3.097652e-02  7.021880e-01  5.621770e-01  6.777772e-01  1.085838e-01  7.604087e-01  2.216934e-01  6.729012e-01  7.681708e-01 -3.531322e-03 -5.651395e-01 -4.627187e-01 -6.266530e-01  7.726761e-01  6.372423e-01  1.234659e-01  6.036810e-01  6.598700e-01  6.505463e-01  7.846141e-01  2.021152e-01  6.451257e-01  6.469593e-01  1.000000e+00  6.823095e-01  6.491016e-01  5.041482e-01  5.698316e-01 -5.326004e-01  4.639891e-01  5.390926e-01  2.168942e-01  4.578019e-01  4.267023e-01  5.404243e-01  1.288396e-01
 2.324113e-01 -1.003403e-01  2.565097e-01 -4.420596e-02 -8.350233e-02  7.368964e-02 -1.727212e-01  2.311212e-01  2.723896e-01  6.268722e-01  2.215551e-01  6.382478e-01  2.681044e-01  5.067382e-01  5.014548e-01  2.118526e-01 -2.636170e-01 -3.506655e-01 -3.304666e-01  5.144515e-01  3.414815e-01  1.731927e-01  3.707786e-01  6.742682e-01  3.725993e-01  6.844597e-01  1.109285e-01  4.191787e-01  5.998289e-01  6.823095e-01  1.000000e+00  7.234881e-01  2.878795e-01  6.245234e-01 -9.779159e-02  1.873812e-01  5.607056e-01  2.535251e-01  2.531889e-01  1.552288e-01  2.170104e-01 -4.318948e-03
 1.348645e-01 -2.547473e-01  1.343139e-01 -1.901303e-02 -2.503989e-02 -1.035903e-01 -1.319887e-02  4.010445e-01  3.837077e-01  7.773075e-01  8.498546e-02  7.458935e-01  4.067392e-01  3.420559e-01  6.658465e-01  2.453947e-01 -5.835483e-01 -6.083934e-01 -6.079129e-01  7.019010e-01  6.309083e-01  2.228617e-01  4.210581e-01  7.997763e-01  5.737151e-01  8.323115e-01  2.779825e-01  5.795805e-01  5.276579e-01  6.491016e-01  7.234881e-01  1.000000e+00  5.748954e-01  8.463261e-01 -1.009055e-01  9.751933e-02  7.754125e-01  1.177861e-01  5.600898e-01  2.363339e-01  6.578614e-01  3.337361e-02
-2.406125e-01 -5.391469e-01 -1.933861e-01 -3.193165e-01 -7.741673e-02 -3.613273e-01 -2.282474e-02  4.565086e-01  2.829699e-01  3.341599e-01  1.039484e-01  4.937182e-01  5.512625e-01  2.002542e-01  6.742291e-01  2.721031e-01 -7.245689e-01 -7.915602e-01 -6.484344e-01  6.658179e-01  7.499990e-01  3.382716e-01  3.134273e-01  4.629428e-01  6.830812e-01  6.334296e-01  4.688028e-01  6.782299e-01  2.498818e-01  5.041482e-01  2.878795e-01  5.748954e-01  1.000000e+00  6.826564e-01 -1.373460e-01 -2.570155e-02  4.950108e-01  2.586666e-02  4.945151e-01  2.249334e-01  7.671426e-01  3.095163e-01
-8.345922e-02 -1.549833e-01 -7.428583e-02 -9.224403e-02 -1.168796e-01 -1.808857e-01  4.148823e-02  4.848292e-01  5.333183e-01  7.799504e-01  7.056951e-02  8.320382e-01  5.256148e-01  3.920576e-01  7.553861e-01  3.310747e-01 -7.049073e-01 -6.233213e-01 -5.006296e-01  7.087059e-01  5.807062e-01  3.431453e-01  5.920914e-01  8.340608e-01  5.654194e-01  8.425563e-01  3.920178e-01  4.761240e-01  6.188308e-01  5.698316e-01  6.245234e-01  8.463261e-01  6.826564e-01  1.000000e+00 -8.885563e-02  6.141025e-02  8.694676e-01  1.026905e-01  5.996959e-01  1.815621e-01  6.329411e-01  2.560750e-01
 2.562865e-02  1.131965e-01 -7.657718e-02  1.568417e-01 -3.429113e-01  1.968248e-02  7.606116e-02 -4.090509e-01 -3.708971e-01 -2.851982e-01  2.605285e-01 -2.430667e-01  8.940443e-02 -2.502307e-01 -2.768394e-01  4.944980e-01  2.541429e-01  3.121478e-02  2.023146e-01 -4.236306e-01 -3.514126e-01  2.791734e-01 -3.147002e-01 -2.410359e-01 -2.738923e-01 -3.354055e-01  7.989888e-02 -2.103393e-01 -1.675878e-01 -5.326004e-01 -9.779159e-02 -1.009055e-01 -1.373460e-01 -8.885563e-02  1.000000e+00 -7.105672e-01 -1.456819e-01 -3.908810e-01 -3.723068e-01 -4.611940e-01 -2.299036e-01 -3.391373e-02
-9.254139e-02  4.699980e-02  2.891061e-02 -2.143573e-01  4.387651e-01 -3.449600e-02 -2.221924e-01  2.960040e-01  3.661929e-01  2.829334e-01 -2.286482e-01  2.521654e-01 -1.228599e-01  3.272876e-01  1.077526e-01 -4.980798e-01 -1.583370e-01  2.541669e-02 -5.128236e-02  2.936322e-01  9.635287e-02 -1.770547e-01  2.728555e-01  1.996815e-01  2.049066e-01  3.176615e-01 -2.118021e-01  8.436307e-02  1.929255e-01  4.639891e-01  1.873812e-01  9.751933e-02 -2.570155e-02  6.141025e-02 -7.105672e-01  1.000000e+00  1.909643e-01  5.358829e-01  3.665509e-01  6.140372e-01 -4.528248e-03 -9.253130e-02
-4.693267e-02 -1.026658e-01 -8.834624e-02 -4.052092e-02 -4.914488e-02 -1.443546e-01  4.044545e-03  5.000360e-01  6.694434e-01  8.723844e-01  5.066478e-02  8.612974e-01  3.783851e-01  4.413818e-01  6.931385e-01  2.763988e-01 -5.094893e-01 -5.553199e-01 -3.078648e-01  7.574093e-01  5.056571e-01  2.992316e-01  7.171142e-01  8.521005e-01  5.969051e-01  7.788183e-01  2.952117e-01  3.314194e-01  6.538098e-01  5.390926e-01  5.607056e-01  7.754125e-01  4.950108e-01  8.694676e-01 -1.456819e-01  1.909643e-01  1.000000e+00  1.005618e-01  6.571534e-01  6.954279e-02  5.703080e-01  1.754612e-01
-2.279265e-01 -1.565567e-01  1.356089e-02 -4.511056e-01  4.406195e-03 -3.155201e-01 -5.731600e-01 -1.570004e-02  1.195801e-01  6.967529e-02 -1.620304e-01  9.811287e-02 -2.053893e-01 -4.108174e-02 -1.229433e-02 -3.947813e-01 -1.020062e-01 -6.654394e-02  2.632260e-03  8.173772e-02 -3.258844e-02 -2.432042e-01  1.013282e-01  5.633528e-03  2.198216e-02  1.685184e-01 -7.445017e-02 -1.021707e-01  1.568792e-01  2.168942e-01  2.535251e-01  1.177861e-01  2.586666e-02  1.026905e-01 -3.908810e-01  5.358829e-01  1.005618e-01  1.000000e+00  2.435828e-01  3.033261e-01 -1.373238e-01 -1.598079e-01
-1.182010e-01 -2.896038e-01 -1.079909e-01 -1.699486e-01  7.463759e-02 -1.577041e-01 -3.477860e-02  4.791911e-01  4.304289e-01  5.439914e-01 -1.142884e-01  5.439373e-01  3.009951e-01  2.444815e-01  5.284977e-01 -2.477821e-02 -4.642592e-01 -5.395411e-01 -3.548740e-01  6.686911e-01  4.684136e-01  5.499581e-02  5.145994e-01  6.035998e-01  5.819297e-01  6.148813e-01  2.507131e-01  4.283843e-01  3.734615e-01  4.578019e-01  2.531889e-01  5.600898e-01  4.945151e-01  5.996959e-01 -3.723068e-01  3.665509e-01  6.571534e-01  2.435828e-01  1.000000e+00  2.881213e-01  5.555618e-01  1.405942e-01
 9.036379e-02  3.841464e-02  1.697382e-01 -1.187052e-02  3.354872e-01  5.426329e-02  3.592518e-02  3.273054e-01  1.904126e-01  1.558007e-01 -1.496721e-01  2.168917e-01  6.305718e-02  2.007850e-01  2.217721e-01 -3.443377e-01 -4.164590e-01 -3.322940e-03 -3.537266e-01  2.672735e-01  2.479143e-01 -2.277114e-02  1.251355e-01  1.639347e-01  1.568791e-01  3.689094e-01 -8.075372e-02  3.368899e-01  1.418126e-01  4.267023e-01  1.552288e-01  2.363339e-01  2.249334e-01  1.815621e-01 -4.611940e-01  6.140372e-01  6.954279e-02  3.033261e-01  2.881213e-01  1.000000e+00  2.275770e-01  1.929919e-02
 2.139235e-02 -3.449648e-01 -7.768277e-02  5.977829e-02  1.425396e-01 -9.539738e-02  2.847036e-01  4.887461e-01  3.212080e-01  5.123242e-01 -5.609724e-02  5.024148e-01  4.567817e-01  1.559804e-01  6.613978e-01  2.185119e-01 -6.722537e-01 -6.579482e-01 -6.990224e-01  7.035527e-01  8.285510e-01  1.870780e-01  3.735176e-01  6.027140e-01  6.843693e-01  6.778022e-01  4.012082e-01  7.058615e-01  2.164507e-01  5.404243e-01  2.170104e-01  6.578614e-01  7.671426e-01  6.329411e-01 -2.299036e-01 -4.528248e-03  5.703080e-01 -1.373238e-01  5.555618e-01  2.275770e-01  1.000000e+00  2.321439e-01
-1.525117e-01 -1.481470e-02 -2.047952e-01  4.526865e-02 -4.992327e-02  9.295142e-04  2.494363e-01  2.580734e-01  2.212631e-01  1.778177e-01  6.626596e-02  2.260818e-01  2.980206e-01  4.509433e-02  3.238304e-01  3.300364e-01 -2.518783e-01 -1.937591e-01 -1.057334e-01  2.045233e-01  2.440263e-01  2.994663e-01  2.212404e-01  2.128561e-01  2.881718e-01  1.780093e-01  6.423513e-02  1.862342e-01  1.526181e-01  1.288396e-01 -4.318948e-03  3.337361e-02  3.095163e-01  2.560750e-01 -3.391373e-02 -9.253130e-02  1.754612e-01 -1.598079e-01  1.405942e-01  1.929919e-02  2.321439e-01  1.000000e+00
