 1.0000000000  0.7551366919  0.7612061679  0.3441610681  0.3656227568  0.5135946123  0.5452010517 -0.1970064995  0.2193308540 -0.2100467228  0.5238897268  0.3808263668  0.6249667009  0.6134889116  0.4740402791  0.5272062317 -0.3630387391  0.2617698319 -0.3334763727 -0.2402178974  0.3729797579  0.1855761658  0.1647975481 -0.2662350882  0.6868470373 -0.1986011770  0.2091724443 -0.0155860795  0.0553435697  0.2696113539  0.0847832834 -0.1576707716 -0.0302110021 -0.1044872069 -0.0712771323  0.0802846763  0.4341526764  0.2346513022 -0.4205464296 -0.1919231168  0.0547684331  0.0875855603
 0.7551366919  1.0000000000  0.7238071272  0.5946169731  0.2920312777  0.5781210435  0.7936141194 -0.1876513350  0.4036858898 -0.1511032968  0.6189008592  0.5295437173  0.6979908931  0.7586364610  0.5877392402  0.6524328081 -0.1081004140  0.0980555504 -0.1677051956 -0.3868100696  0.5691444356  0.1677687660  0.3506611374 -0.2110197807  0.6622335557 -0.0025938418  0.2902582450  0.0437106335  0.2381042302  0.4632457854  0.2982297945 -0.2064800557 -0.0006027598  0.0927933561  0.0266919144  0.1012700284  0.2533135846  0.1288484283 -0.2419375315 -0.3418229633  0.0960181577  0.2841974282
 0.7612061679  0.7238071272  1.0000000000  0.6382153720  0.4725320981  0.6735405138  0.7044613672 -0.1872196230  0.6115153635 -0.1684398747  0.6847328994  0.6279623518  0.5514599847  0.8703366274  0.8196188605  0.7826558140 -0.1051462645  0.2806612797 -0.0431979556 -0.0977186602  0.2693877156  0.2095922299  0.4920546931 -0.3588063233  0.7714357702 -0.1806294839  0.1741101795  0.0385551828  0.3591543115  0.3921840043  0.3995830798 -0.1221185586  0.1510109291 -0.1708322768 -0.1242072884  0.0270396271  0.4571565039  0.4675023979 -0.4487362728 -0.3329996199 -0.1177779111 -0.1086695495
 0.3441610681  0.5946169731  0.6382153720  1.0000000000  0.3583939500  0.3845663925  0.8014046978 -0.1190550275  0.4756332185  0.0194262165  0.5751708777  0.5329644697  0.5180292547  0.7083830767  0.6272325619  0.6179145540  0.0450306661  0.0418953899 -0.0779612863 -0.1593923878  0.2735831621  0.0205999910  0.3877578365 -0.1718275652  0.3958332938  0.0263423308  0.1408381530  0.1971037620  0.1190467730  0.3613483309  0.3850482346  0.0620339639  0.1033622169  0.0947172267  0.0688131261  0.0890933843  0.0077376631  0.2795617426 -0.0343304120 -0.1060226331  0.1520117838  0.1249142360
 0.3656227568  0.2920312777  0.4725320981  0.3583939500  1.0000000000  0.4616035615  0.5074342185 -0.0049349451  0.2169307146 -0.1968314152  0.4086340710  0.4295427664  0.3861871961  0.4823224084  0.4818347316  0.5258368212 -0.2456030620  0.0148509145 -0.3038262554  0.0797799591  0.0539401575 -0.0080332938  0.3079701270 -0.0826377747  0.4536529048  0.0566824396  0.1432251002  0.3220891628  0.0021991282  0.3842309670  0.1587714310  0.2394357909  0.2666798412 -0.0217747493 -0.0215418652  0.0084804631  0.0779097735  0.3705875632 -0.1681920971  0.1986713914  0.0111825516 -0.0655259944
 0.5135946123  0.5781210435  0.6735405138  0.3845663925  0.4616035615  1.0000000000  0.5728213723 -0.0658884369  0.5587909050 -0.3794186923  0.7794041635  0.7637632287  0.5709419980  0.7650430447  0.7553865185  0.8420394830 -0.1040687383  0.1519324271 -0.0611745365  0.0010251187  0.2291739151  0.3482507158  0.6385450269 -0.2241744604  0.7730204955 -0.2454059046  0.1724274971  0.2453012094  0.4788137070  0.6297081450  0.5517489198  0.2192988676  0.3219862501 -0.1321978835 -0.1396425187 -0.0437788997  0.5994693477  0.4856444706 -0.4831018659 -0.0513267148 -0.1588898718 -0.0359917621
 0.5452010517  0.7936141194  0.7044613672  0.8014046978  0.5074342185  0.5728213723  1.0000000000 -0.0281893937  0.5124804267 -0.0585725808  0.6797795284  0.6985145409  0.6842473097  0.8071870847  0.7187782826  0.7589738829 -0.1761524721  0.0174368698 -0.2403570339 -0.1925796256  0.4538678837  0.0478395624  0.4953153638 -0.1843615482  0.5828436156  0.1186039778  0.2837795640  0.3061944803  0.1788658505  0.5445877109  0.4255507721  0.0636789091  0.1901920595  0.2555433276  0.1932875735  0.1449832212  0.0609335794  0.2494154793 -0.0697937559 -0.0710379116  0.1072818063  0.2625059984
-0.1970064995 -0.1876513350 -0.1872196230 -0.1190550275 -0.0049349451 -0.0658884369 -0.0281893937  1.0000000000  0.1792008460  0.6294913024 -0.0411596586  0.1639784031  0.0198880670 -0.2460124036 -0.0641568350 -0.1335048252 -0.1272874150  0.2694273331  0.1057772555  0.7570779365  0.2694281746 -0.2041100304  0.0222295440 -0.0565955011 -0.3581606291  0.0809648132  0.2966178860  0.2244505638 -0.1250819024 -0.2799888018  0.0893674321 -0.1315059675  0.6889255839  0.5049690115  0.6653826389 -0.1462554360 -0.2012732372  0.0093520283  0.2478383874  0.2978084545 -0.3432795660  0.0251789822
 0.2193308540  0.4036858898  0.6115153635  0.4756332185  0.2169307146  0.5587909050  0.5124804267  0.1792008460  1.0000000000  0.2562770756  0.5278995090  0.6185424464  0.3496160263  0.5750924761  0.6554691351  0.6122633959  0.0691170960  0.0965564420  0.3322919439  0.2538036405  0.1692504640  0.1461186229  0.7242066773 -0.2221739375  0.5156226054 -0.1404274291  0.2711820276  0.2841407895  0.6103473140  0.3804963136  0.5466418068 -0.2276557857  0.2830296345 -0.0135696293  0.0489581266 -0.2288496064  0.3098931568  0.3851513724 -0.2170653875 -0.2882215927 -0.4682051400 -0.2749066500
-0.2100467228 -0.1511032968 -0.1684398747  0.0194262165 -0.1968314152 -0.3794186923 -0.0585725808  0.6294913024  0.2562770756  1.0000000000 -0.1936166276 -0.1309153151 -0.0284582052 -0.3106949988 -0.1853093161 -0.2853917304 -0.1192671365  0.1483826953  0.1301545404  0.4625954025  0.2054513998 -0.2710636853 -0.0068954848  0.1841821967 -0.3665060789  0.0586730992  0.2219086848  0.1532614579  0.0408484322 -0.3098874238 -0.0786762119 -0.4109549384  0.1868691734  0.3439757847  0.4842879146 -0.2637356706 -0.4201305325 -0.0411874852  0.4410030159  0.0491102148 -0.3001197055 -0.1033178770
 0.5238897268  0.6189008592  0.6847328994  0.5751708777  0.4086340710  0.7794041635  0.6797795284 -0.0411596586  0.5278995090 -0.1936166276  1.0000000000  0.7871788007  0.6266621330  0.8201437716  0.8233104519  0.8136863520 -0.2478364415  0.2877482997 -0.1853182171  0.0417122010  0.1818711140  0.3428400333  0.7282949052 -0.0885816650  0.6740086864 -0.2076662439  0.1131417715  0.2327239605  0.3958322341  0.5315150209  0.3796993748  0.1943150715  0.1793885578  0.0574561020  0.0238257614  0.0004248447  0.4699497064  0.4550352406 -0.3478617167 -0.0041503908 -0.1393536826 -0.0483188195
 0.3808263668  0.5295437173  0.6279623518  0.5329644697  0.4295427664  0.7637632287  0.6985145409  0.1639784031  0.6185424464 -0.1309153151  0.7871788007  1.0000000000  0.6384721969  0.7324109843  0.7585680428  0.8347899879 -0.0511971688  0.0832379199 -0.0184813854  0.1867201967  0.2074439177  0.1597014959  0.6376948034 -0.3203427441  0.6179406999 -0.0748689635  0.3060190649  0.3990172762  0.3017304510  0.5227410741  0.5842907730  0.2425397408  0.4590439459  0.0883933546  0.0996534094 -0.0005260281  0.2418800218  0.3559725501 -0.1910290716  0.0921148611 -0.2137427408  0.0145566832
 0.6249667009  0.6979908931  0.5514599847  0.5180292547  0.3861871961  0.5709419980  0.6842473097  0.0198880670  0.3496160263 -0.0284582052  0.6266621330  0.6384721969  1.0000000000  0.5630219716  0.4278916186  0.6389592588 -0.2964842820  0.1036779003 -0.2741215846 -0.1509019009  0.5118624883  0.0324715280  0.3470136980 -0.0267642263  0.6677287868 -0.0036565144  0.4074127474  0.4453136394  0.0497188716  0.4224104981  0.2929484587 -0.0873515672  0.2279155472  0.1821203400  0.1283363805 -0.0558109487  0.1598058438  0.0983773827 -0.0330195235  0.0271983311 -0.0117465021  0.1450832991
 0.6134889116  0.7586364610  0.8703366274  0.7083830767  0.4823224084  0.7650430447  0.8071870847 -0.2460124036  0.5750924761 -0.3106949988  0.8201437716  0.7324109843  0.5630219716  1.0000000000  0.9163369071  0.8879880576 -0.0257816582  0.1309911855 -0.1088958093 -0.2370905743  0.2109106634  0.3327809085  0.6120621613 -0.2779083782  0.7707750894 -0.1384988013  0.0710742281  0.0278618502  0.3376854080  0.5789253993  0.4146575464  0.1337926858  0.0604071714 -0.1043007696 -0.1326323914  0.0233263879  0.4342119946  0.4079356576 -0.4409909044 -0.2349657846  0.0607117369  0.0598979802
 0.4740402791  0.5877392402  0.8196188605  0.6272325619  0.4818347316  0.7553865185  0.7187782826 -0.0641568350  0.6554691351 -0.1853093161  0.8233104519  0.7585680428  0.4278916186  0.9163369071  1.0000000000  0.8828712931 -0.1408835608  0.2894798998 -0.0965202528  0.0300757458  0.1112572740  0.3206575228  0.7285665215 -0.3100852577  0.6734781390 -0.2004684235  0.0781526618  0.1328236766  0.4767831272  0.5321830298  0.4693212965  0.1789350321  0.2203009808 -0.0649690311 -0.0672594207  0.0205335165  0.4411761200  0.5775988574 -0.4050964944 -0.1831835601 -0.1417398160 -0.0941344075
 0.5272062317  0.6524328081  0.7826558140  0.6179145540  0.5258368212  0.8420394830  0.7589738829 -0.1335048252  0.6122633959 -0.2853917304  0.8136863520  0.8347899879  0.6389592588  0.8879880576  0.8828712931  1.0000000000 -0.1084589013  0.0933775137 -0.1532047184 -0.0911790588  0.1846689798  0.2143604080  0.7318501508 -0.2389792773  0.8013442966 -0.1711526816  0.1115206306  0.2816721719  0.4522926241  0.7799347630  0.6058946376  0.2530885043  0.2611133626 -0.0118426290 -0.0708670430  0.0322015996  0.4156986356  0.4791870098 -0.3128205670 -0.1190533455 -0.1592465542 -0.0089294590
-0.3630387391 -0.1081004140 -0.1051462645  0.0450306661 -0.2456030620 -0.1040687383 -0.1761524721 -0.1272874150  0.0691170960 -0.1192671365 -0.2478364415 -0.0511971688 -0.2964842820 -0.0257816582 -0.1408835608 -0.1084589013  1.0000000000 -0.4226556900  0.7249700006 -0.1457488301 -0.1191083829  0.0989387327 -0.1681430015 -0.1896812757 -0.2177248365  0.0170655446 -0.1391943126 -0.2567908091  0.0558560529 -0.0444879939  0.2440564095 -0.0391620606 -0.0003598026 -0.2245621405 -0.2676384681 -0.0689203841 -0.0705829410 -0.2290854718 -0.0603118469 -0.2556020727  0.1096645164  0.0622820163
 0.2617698319  0.0980555504  0.2806612797  0.0418953899  0.0148509145  0.1519324271  0.0174368698  0.2694273331  0.0965564420  0.1483826953  0.2877482997  0.0832379199  0.1036779003  0.1309911855  0.2894798998  0.0933775137 -0.4226556900  1.0000000000 -0.0950186612  0.3365253032  0.0728993241  0.0715588505  0.1457277317 -0.1248950238  0.0937041836 -0.3119871706 -0.0146097268 -0.1041873880  0.1288035492 -0.2350868595 -0.1242894332 -0.1950961680  0.2385963983  0.0071991851  0.1603680497  0.0779380051  0.3348510200  0.4250402285 -0.2609577803 -0.0372903691 -0.2008774945 -0.1473428567
-0.3334763727 -0.1677051956 -0.0431979556 -0.0779612863 -0.3038262554 -0.0611745365 -0.2403570339  0.1057772555  0.3322919439  0.1301545404 -0.1853182171 -0.0184813854 -0.2741215846 -0.1088958093 -0.0965202528 -0.1532047184  0.7249700006 -0.0950186612  1.0000000000  0.1446942526 -0.0375582188  0.0919029508  0.0324571739 -0.1775697310 -0.1522627920 -0.1212732910 -0.0746936322 -0.1237965952  0.2581438803 -0.1874313106  0.2692874576 -0.2005468618  0.1128226053 -0.2073314436 -0.1827908440  0.0123360666  0.1188264718 -0.0712642409 -0.1361364929 -0.2891986607 -0.1722111274 -0.1152130304
-0.2402178974 -0.3868100696 -0.0977186602 -0.1593923878  0.0797799591  0.0010251187 -0.1925796256  0.7570779365  0.2538036405  0.4625954025  0.0417122010  0.1867201967 -0.1509019009 -0.2370905743  0.0300757458 -0.0911790588 -0.1457488301  0.3365253032  0.1446942526  1.0000000000 -0.0612696190 -0.1693202757  0.1963164983 -0.0548161222 -0.2629392815  0.0169572402  0.3070568498  0.3353277446  0.0719909205 -0.2552488618  0.0596866948  0.0160161167  0.7099869108  0.2663587259  0.4902878710 -0.1691848724 -0.0930967521  0.2710213747  0.1570872897  0.3928288206 -0.5117168490 -0.2703182447
 0.3729797579  0.5691444356  0.2693877156  0.2735831621  0.0539401575  0.2291739151  0.4538678837  0.2694281746  0.1692504640  0.2054513998  0.1818711140  0.2074439177  0.5118624883  0.2109106634  0.1112572740  0.1846689798 -0.1191083829  0.0728993241 -0.0375582188 -0.0612696190  1.0000000000 -0.0322930793  0.0468623402  0.1412879155  0.1726140844  0.1331208014  0.2993222923  0.0959558423  0.0726840557  0.1021706571  0.3033483031 -0.2623946926  0.2960631677  0.4305295766  0.2992896324  0.1567180434 -0.0064424423 -0.0630644738  0.0564070679 -0.1553448674  0.1016480110  0.4099612265
 0.1855761658  0.1677687660  0.2095922299  0.0205999910 -0.0080332938  0.3482507158  0.0478395624 -0.2041100304  0.1461186229 -0.2710636853  0.3428400333  0.1597014959  0.0324715280  0.3327809085  0.3206575228  0.2143604080  0.0989387327  0.0715588505  0.0919029508 -0.1693202757 -0.0322930793  1.0000000000  0.1648491897 -0.0003846465  0.2714453894 -0.2919418548 -0.1766234551 -0.3111916288  0.2640682562  0.0404599000  0.1933261566  0.1124736720 -0.2213237973 -0.3497479628 -0.3470420367  0.0077161639  0.5877334562  0.2121836176 -0.5459838271 -0.1965373961  0.0694197309 -0.0694823031
 0.1647975481  0.3506611374  0.4920546931  0.3877578365  0.3079701270  0.6385450269  0.4953153638  0.0222295440  0.7242066773 -0.0068954848  0.7282949052  0.6376948034  0.3470136980  0.6120621613  0.7285665215  0.7318501508 -0.1681430015  0.1457277317  0.0324571739  0.1963164983  0.0468623402  0.1648491897  1.0000000000  0.1051481166  0.5917224591 -0.1427460678  0.0474359734  0.3795133437  0.6704208880  0.6542487223  0.4593877348  0.1413171461  0.2160177174  0.0516019958  0.0342714546 -0.1166264456  0.3251632306  0.5386849699 -0.1527785372 -0.0879688815 -0.4185187365 -0.1892926671
-0.2662350882 -0.2110197807 -0.3588063233 -0.1718275652 -0.0826377747 -0.2241744604 -0.1843615482 -0.0565955011 -0.2221739375  0.1841821967 -0.0885816650 -0.3203427441 -0.0267642263 -0.2779083782 -0.3100852577 -0.2389792773 -0.1896812757 -0.1248950238 -0.1775697310 -0.0548161222  0.1412879155 -0.0003846465  0.1051481166  1.0000000000 -0.1384152759  0.2262534178 -0.1252956323  0.0987635508  0.0702206712  0.0730257804 -0.2232608131  0.0201203614 -0.2122889531  0.1802714989  0.0363761806 -0.2218265902 -0.1821175981 -0.0509812611  0.3057475975  0.1466422314 -0.0293016603 -0.0855450673
 0.6868470373  0.6622335557  0.7714357702  0.3958332938  0.4536529048  0.7730204955  0.5828436156 -0.3581606291  0.5156226054 -0.3665060789  0.6740086864  0.6179406999  0.6677287868  0.7707750894  0.6734781390  0.8013442966 -0.2177248365  0.0937041836 -0.1522627920 -0.2629392815  0.1726140844  0.2714453894  0.5917224591 -0.1384152759  1.0000000000 -0.2233113715  0.1371791227  0.1882212077  0.3636891849  0.6280691560  0.3638953885  0.0289877771 -0.0072266653 -0.2925313666 -0.2795638569 -0.0930759474  0.5751926685  0.4371403009 -0.4121245137 -0.1733302800 -0.1085965994 -0.0930641217
-0.1986011770 -0.0025938418 -0.1806294839  0.0263423308  0.0566824396 -0.2454059046  0.1186039778  0.0809648132 -0.1404274291  0.0586730992 -0.2076662439 -0.0748689635 -0.0036565144 -0.1384988013 -0.2004684235 -0.1711526816  0.0170655446 -0.3119871706 -0.1212732910  0.0169572402  0.1331208014 -0.2919418548 -0.1427460678  0.2262534178 -0.2233113715  1.0000000000  0.3630755867  0.1931400062 -0.2169591230 -0.0360452036 -0.1728537561 -0.0245311630  0.1118932449  0.3445875940  0.2934190746 -0.1069463332 -0.5215796064 -0.2444158780  0.5700624206  0.1433850544 -0.0074331425  0.1106729186
 0.2091724443  0.2902582450  0.1741101795  0.1408381530  0.1432251002  0.1724274971  0.2837795640  0.2966178860  0.2711820276  0.2219086848  0.1131417715  0.3060190649  0.4074127474  0.0710742281  0.0781526618  0.1115206306 -0.1391943126 -0.0146097268 -0.0746936322  0.3070568498  0.2993222923 -0.1766234551  0.0474359734 -0.1252956323  0.1371791227  0.3630755867  1.0000000000  0.5416490253  0.0142642868 -0.0263815606  0.0386038928 -0.2711441719  0.4245057200  0.2176917180  0.3779674823 -0.2719011417 -0.2244894347 -0.1098076621  0.2524080634  0.1232425691 -0.2744746256 -0.0463279942
-0.0155860795  0.0437106335  0.0385551828  0.1971037620  0.3220891628  0.2453012094  0.3061944803  0.2244505638  0.2841407895  0.1532614579  0.2327239605  0.3990172762  0.4453136394  0.0278618502  0.1328236766  0.2816721719 -0.2567908091 -0.1041873880 -0.1237965952  0.3353277446  0.0959558423 -0.3111916288  0.3795133437  0.0987635508  0.1882212077  0.1931400062  0.5416490253  1.0000000000  0.1867520722  0.3315852206  0.2165909334  0.1084187189  0.4777381649  0.2357656658  0.2519822919 -0.0841835795 -0.2584309947  0.1432363322  0.3690462541  0.3710074784 -0.3040340185 -0.1121022119
 0.0553435697  0.2381042302  0.3591543115  0.1190467730  0.0021991282  0.4788137070  0.1788658505 -0.1250819024  0.6103473140  0.0408484322  0.3958322341  0.3017304510  0.0497188716  0.3376854080  0.4767831272  0.4522926241  0.0558560529  0.1288035492  0.2581438803  0.0719909205  0.0726840557  0.2640682562  0.6704208880  0.0702206712  0.3636891849 -0.2169591230  0.0142642868  0.1867520722  1.0000000000  0.4789765838  0.5399334015 -0.0902691950  0.0738208277 -0.1764732045 -0.2152818730 -0.1267658934  0.3698846964  0.4823169067 -0.2321981959 -0.3545997505 -0.5078648653 -0.3238745945
 0.2696113539  0.4632457854  0.3921840043  0.3613483309  0.3842309670  0.6297081450  0.5445877109 -0.2799888018  0.3804963136 -0.3098874238  0.5315150209  0.5227410741  0.4224104981  0.5789253993  0.5321830298  0.7799347630 -0.0444879939 -0.2350868595 -0.1874313106 -0.2552488618  0.1021706571  0.0404599000  0.6542487223  0.0730257804  0.6280691560 -0.0360452036 -0.0263815606  0.3315852206  0.4789765838  1.0000000000  0.4948247337  0.3655953214  0.0658130250  0.0118604035 -0.1045563368 -0.0205236702  0.2106326072  0.3246826932 -0.0532593068 -0.0291890545 -0.1439767870  0.0431474828
 0.0847832834  0.2982297945  0.3995830798  0.3850482346  0.1587714310  0.5517489198  0.4255507721  0.0893674321  0.5466418068 -0.0786762119  0.3796993748  0.5842907730  0.2929484587  0.4146575464  0.4693212965  0.6058946376  0.2440564095 -0.1242894332  0.2692874576  0.0596866948  0.3033483031  0.1933261566  0.4593877348 -0.2232608131  0.3638953885 -0.1728537561  0.0386038928  0.2165909334  0.5399334015  0.4948247337  1.0000000000  0.2145850665  0.3891263849  0.0602868364 -0.0509416690  0.1856359317  0.2979681183  0.3506188062 -0.1672086187 -0.0948449433 -0.2302954851  0.0386810228
-0.1576707716 -0.2064800557 -0.1221185586  0.0620339639  0.2394357909  0.2192988676  0.0636789091 -0.1315059675 -0.2276557857 -0.4109549384  0.1943150715  0.2425397408 -0.0873515672  0.1337926858  0.1789350321  0.2530885043 -0.0391620606 -0.1950961680 -0.2005468618  0.0160161167 -0.2623946926  0.1124736720  0.1413171461  0.0201203614  0.0289877771 -0.0245311630 -0.2711441719  0.1084187189 -0.0902691950  0.3655953214  0.2145850665  1.0000000000  0.0895041570  0.0199769193 -0.0418402982  0.2521535585  0.0481071019  0.2066505416 -0.0847950824  0.5885529951  0.3157455931  0.2495066999
-0.0302110021 -0.0006027598  0.1510109291  0.1033622169  0.2666798412  0.3219862501  0.1901920595  0.6889255839  0.2830296345  0.1868691734  0.1793885578  0.4590439459  0.2279155472  0.0604071714  0.2203009808  0.2611133626 -0.0003598026  0.2385963983  0.1128226053  0.7099869108  0.2960631677 -0.2213237973  0.2160177174 -0.2122889531 -0.0072266653  0.1118932449  0.4245057200  0.4777381649  0.0738208277  0.0658130250  0.3891263849  0.0895041570  1.0000000000  0.4079716376  0.5182811767 -0.0319688140 -0.0871597617  0.2701081445  0.1450815862  0.3230084024 -0.3360124822  0.0445626023
-0.1044872069  0.0927933561 -0.1708322768  0.0947172267 -0.0217747493 -0.1321978835  0.2555433276  0.5049690115 -0.0135696293  0.3439757847  0.0574561020  0.0883933546  0.1821203400 -0.1043007696 -0.0649690311 -0.0118426290 -0.2245621405  0.0071991851 -0.2073314436  0.2663587259  0.4305295766 -0.3497479628  0.0516019958  0.1802714989 -0.2925313666  0.3445875940  0.2176917180  0.2357656658 -0.1764732045  0.0118604035  0.0602868364  0.0199769193  0.4079716376  1.0000000000  0.8182026381  0.1832535860 -0.4089969682 -0.2695819426  0.4194510958  0.2194626753  0.0369828667  0.4238604610
-0.0712771323  0.0266919144 -0.1242072884  0.0688131261 -0.0215418652 -0.1396425187  0.1932875735  0.6653826389  0.0489581266  0.4842879146  0.0238257614  0.0996534094  0.1283363805 -0.1326323914 -0.0672594207 -0.0708670430 -0.2676384681  0.1603680497 -0.1827908440  0.4902878710  0.2992896324 -0.3470420367  0.0342714546  0.0363761806 -0.2795638569  0.2934190746  0.3779674823  0.2519822919 -0.2152818730 -0.1045563368 -0.0509416690 -0.0418402982  0.5182811767  0.8182026381  1.0000000000  0.0281467710 -0.4025076061 -0.1687266555  0.3861724174  0.3088815758 -0.1364171665  0.2807242761
 0.0802846763  0.1012700284  0.0270396271  0.0890933843  0.0084804631 -0.0437788997  0.1449832212 -0.1462554360 -0.2288496064 -0.2637356706  0.0004248447 -0.0005260281 -0.0558109487  0.0233263879  0.0205335165  0.0322015996 -0.0689203841  0.0779380051  0.0123360666 -0.1691848724  0.1567180434  0.0077161639 -0.1166264456 -0.2218265902 -0.0930759474 -0.1069463332 -0.2719011417 -0.0841835795 -0.1267658934 -0.0205236702  0.1856359317  0.2521535585 -0.0319688140  0.1832535860  0.0281467710  1.0000000000 -0.0111995371 -0.0421857501 -0.0979752324 -0.1037491154  0.3222216929  0.4030128665
 0.4341526764  0.2533135846  0.4571565039  0.0077376631  0.0779097735  0.5994693477  0.0609335794 -0.2012732372  0.3098931568 -0.4201305325  0.4699497064  0.2418800218  0.1598058438  0.4342119946  0.4411761200  0.4156986356 -0.0705829410  0.3348510200  0.1188264718 -0.0930967521 -0.0064424423  0.5877334562  0.3251632306 -0.1821175981  0.5751926685 -0.5215796064 -0.2244894347 -0.2584309947  0.3698846964  0.2106326072  0.2979681183  0.0481071019 -0.0871597617 -0.4089969682 -0.4025076061 -0.0111995371  1.0000000000  0.4631881083 -0.7656171057 -0.2316177925 -0.1221008449 -0.1766403393
 0.2346513022  0.1288484283  0.4675023979  0.2795617426  0.3705875632  0.4856444706  0.2494154793  0.0093520283  0.3851513724 -0.0411874852  0.4550352406  0.3559725501  0.0983773827  0.4079356576  0.5775988574  0.4791870098 -0.2290854718  0.4250402285 -0.0712642409  0.2710213747 -0.0630644738  0.2121836176  0.5386849699 -0.0509812611  0.4371403009 -0.2444158780 -0.1098076621  0.1432363322  0.4823169067  0.3246826932  0.3506188062  0.2066505416  0.2701081445 -0.2695819426 -0.1687266555 -0.0421857501  0.4631881083  1.0000000000 -0.2945984855  0.0758445546 -0.2485960064 -0.1891394367
-0.4205464296 -0.2419375315 -0.4487362728 -0.0343304120 -0.1681920971 -0.4831018659 -0.0697937559  0.2478383874 -0.2170653875  0.4410030159 -0.3478617167 -0.1910290716 -0.0330195235 -0.4409909044 -0.4050964944 -0.3128205670 -0.0603118469 -0.2609577803 -0.1361364929  0.1570872897  0.0564070679 -0.5459838271 -0.1527785372  0.3057475975 -0.4121245137  0.5700624206  0.2524080634  0.3690462541 -0.2321981959 -0.0532593068 -0.1672086187 -0.0847950824  0.1450815862  0.4194510958  0.3861724174 -0.0979752324 -0.7656171057 -0.2945984855  1.0000000000  0.2625804695 -0.0997234162  0.0642415598
-0.1919231168 -0.3418229633 -0.3329996199 -0.1060226331  0.1986713914 -0.0513267148 -0.0710379116  0.2978084545 -0.2882215927  0.0491102148 -0.0041503908  0.0921148611  0.0271983311 -0.2349657846 -0.1831835601 -0.1190533455 -0.2556020727 -0.0372903691 -0.2891986607  0.3928288206 -0.1553448674 -0.1965373961 -0.0879688815  0.1466422314 -0.1733302800  0.1433850544  0.1232425691  0.3710074784 -0.3545997505 -0.0291890545 -0.0948449433  0.5885529951  0.3230084024  0.2194626753  0.3088815758 -0.1037491154 -0.2316177925  0.0758445546  0.2625804695  1.0000000000  0.2012101295  0.1611499094
 0.0547684331  0.0960181577 -0.1177779111  0.1520117838  0.0111825516 -0.1588898718  0.1072818063 -0.3432795660 -0.4682051400 -0.3001197055 -0.1393536826 -0.2137427408 -0.0117465021  0.0607117369 -0.1417398160 -0.1592465542  0.1096645164 -0.2008774945 -0.1722111274 -0.5117168490  0.1016480110  0.0694197309 -0.4185187365 -0.0293016603 -0.1085965994 -0.0074331425 -0.2744746256 -0.3040340185 -0.5078648653 -0.1439767870 -0.2302954851  0.3157455931 -0.3360124822  0.0369828667 -0.1364171665  0.3222216929 -0.1221008449 -0.2485960064 -0.0997234162  0.2012101295  1.0000000000  0.7136743937
 0.0875855603  0.2841974282 -0.1086695495  0.1249142360 -0.0655259944 -0.0359917621  0.2625059984  0.0251789822 -0.2749066500 -0.1033178770 -0.0483188195  0.0145566832  0.1450832991  0.0598979802 -0.0941344075 -0.0089294590  0.0622820163 -0.1473428567 -0.1152130304 -0.2703182447  0.4099612265 -0.0694823031 -0.1892926671 -0.0855450673 -0.0930641217  0.1106729186 -0.0463279942 -0.1121022119 -0.3238745945  0.0431474828  0.0386810228  0.2495066999  0.0445626023  0.4238604610  0.2807242761  0.4030128665 -0.1766403393 -0.1891394367  0.0642415598  0.1611499094  0.7136743937  1.0000000000
