 1.0000000000  0.3180482944  0.8456827484  0.3065930414  0.7069753319  0.4919058198  0.5959596412  0.1502809314 -0.3192258273  0.0249073703  0.3244394754 -0.1431626302 -0.0451667782  0.1262866792  0.1260005869  0.0917314241 -0.0468988788 -0.1337003286  0.3653268934  0.1525379302  0.2781228061  0.2686920147 -0.0742884721 -0.0273511873 -0.0085823457  0.3802608220  0.5682525682  0.1831219070 -0.1623895842  0.0888230943 -0.0217452611  0.0439356653  0.1258360145  0.1079401273  0.3220459721 -0.1788948511 -0.3073684399 -0.0874797914  0.3233346073  0.3953990842 -0.3254433305 -0.4430657061
 0.3180482944  1.0000000000  0.4938509234  0.5931361770  0.0538440102  0.0348215797  0.0465925431  0.1031646566  0.2003777273  0.0550214316  0.1745841415 -0.0889196466 -0.2791823356 -0.1361576522 -0.2063774136 -0.1749274739 -0.1776018333 -0.5361251453  0.0921339367  0.1263673783  0.3927247630  0.1180918451 -0.0704769101  0.1385044229 -0.2419430390  0.4615714809  0.1535032181  0.0028658403 -0.1986255495 -0.1975752298 -0.3376079891  0.2947376689  0.3488070003  0.2559192765  0.2175402085 -0.1113581154  0.0502108545 -0.1260750047  0.1882248746  0.2645331729  0.0370457223 -0.1334606185
 0.8456827484  0.4938509234  1.0000000000  0.4898904301  0.6358507337  0.4744613911  0.6024605667  0.1984592085 -0.1469496731  0.0276309706  0.3240240912 -0.1879163618 -0.0658052304  0.1532147448  0.1399091517  0.1191117798 -0.2130532329 -0.3047776709  0.3722061960  0.1658472202  0.3753377772  0.3663393274 -0.0348738797  0.0524507039 -0.1649186128  0.4663377181  0.4507598034  0.1129380961 -0.1169169248  0.1034394658 -0.1038955554  0.1959442681  0.1819189488  0.2838329358  0.4117887283 -0.1413202705 -0.2227435483 -0.2271917637  0.2705466602  0.3936989521 -0.2755097059 -0.3875503329
 0.3065930414  0.5931361770  0.4898904301  1.0000000000  0.3498709478  0.4009197377  0.4461047203  0.1822049757  0.1021295248  0.0401936701  0.3634696387  0.0899290042  0.0820166787  0.2945084863  0.2244878554  0.1697134820 -0.2020533617 -0.5156630721 -0.0556729770 -0.0651820046  0.2650262819  0.1310466927  0.0478760689  0.0227442990 -0.0683479537  0.3994154587 -0.1808618591 -0.5268934440 -0.2174669607 -0.1245028730 -0.3948428062  0.2456454275 -0.1271193935  0.3090567390  0.0656427708 -0.2907174676 -0.3776421731 -0.0416428835 -0.0688845575  0.2535498669 -0.0531913521 -0.0662006205
 0.7069753319  0.0538440102  0.6358507337  0.3498709478  1.0000000000  0.8094360269  0.8720219641 -0.0500556431 -0.2815001027 -0.0509849261  0.3400584955  0.0722831031  0.2473268177  0.6233903733  0.6151519985  0.5680579852 -0.2236625489 -0.0856214344  0.0378090139 -0.0823765689 -0.0456940046  0.0984902718  0.2557137588 -0.3654936907  0.2518395515  0.1949839922  0.1722287798 -0.0980220214  0.1551751554  0.1990487104  0.0892066126 -0.1602966935 -0.3359232404 -0.0210730110 -0.0737474162 -0.4175457297 -0.6139444543 -0.0462462599 -0.0352898991  0.1890198209 -0.2668091862 -0.5414896874
 0.4919058198  0.0348215797  0.4744613911  0.4009197377  0.8094360269  1.0000000000  0.8356276021 -0.0301290612 -0.3932703726 -0.2675025082  0.5180751724  0.0460779916  0.3906892691  0.6605470775  0.6275552071  0.5880616873 -0.2747153193 -0.0857767679 -0.1785559520 -0.1348209235 -0.0334582954  0.0135690870  0.3239756789 -0.4791901746  0.4968367339  0.1734008926  0.1483825351 -0.1301299222  0.1576189511  0.1811914215  0.0846624044 -0.0704629220 -0.3998338078 -0.0485637534  0.0151890778 -0.4371262601 -0.6064573183  0.0302596896 -0.1464474211  0.1613162128 -0.1945081018 -0.5312897955
 0.5959596412  0.0465925431  0.6024605667  0.4461047203  0.8720219641  0.8356276021  1.0000000000 -0.0412839661 -0.1129423514  0.0851283494  0.2819335389 -0.0782684476  0.3363148907  0.7098497458  0.7058972478  0.6455889777 -0.2744816744 -0.2591427682 -0.0248365032  0.0468679422  0.0684361374  0.2132362426  0.4314863469 -0.2570615855  0.3210288280  0.3510868951  0.1321292304 -0.1268439934  0.3300877475  0.3997547561  0.2451178851 -0.0671304272 -0.3026209867  0.0877315617  0.0362320469 -0.2618109059 -0.5600845996 -0.0454037554 -0.1434937475  0.1458044850 -0.2504225421 -0.4836043668
 0.1502809314  0.1031646566  0.1984592085  0.1822049757 -0.0500556431 -0.0301290612 -0.0412839661  1.0000000000  0.0004923157  0.1280126724  0.1536532256 -0.2325584688 -0.1572725253 -0.2764603095 -0.2931700576 -0.4235272125 -0.1000336531  0.2864420511  0.1605876749  0.5162154101  0.5570481443  0.5681752367  0.0527717735  0.1017727527  0.0312415761  0.0339690807 -0.0480164676 -0.3757837031 -0.3123582177 -0.4424852321 -0.2922942080  0.1775438600  0.1102602438  0.1325393484  0.6109775521  0.1914408587  0.2628368252 -0.0982451649 -0.2280074702  0.0692301419 -0.0375164557  0.0467872006
-0.3192258273  0.2003777273 -0.1469496731  0.1021295248 -0.2815001027 -0.3932703726 -0.1129423514  0.0004923157  1.0000000000  0.5607994342 -0.4001969501 -0.1106637759 -0.0823279085 -0.0213897378  0.0166598955  0.0457116050 -0.1967320189 -0.4135973660  0.0868908334  0.1613608102  0.0312739398  0.2123307013  0.3292163061  0.2709643918 -0.2937443544  0.3310786963 -0.2721994646 -0.2468360423  0.4291927171  0.2731411663  0.1259765949  0.0713572663 -0.0047740893  0.2090303613 -0.0612834091  0.1841813736  0.1092065558 -0.0891655690 -0.2259927687 -0.1678691043  0.1353839941  0.1555815952
 0.0249073703  0.0550214316  0.0276309706  0.0401936701 -0.0509849261 -0.2675025082  0.0851283494  0.1280126724  0.5607994342  1.0000000000 -0.0566816288 -0.0532303449 -0.2066787886 -0.1696042725 -0.0729064992 -0.1656878117  0.3242360594 -0.2768818122  0.2995815886  0.5644644874  0.1923430997  0.3202091757  0.2282165747  0.2732123932 -0.2723209762  0.0981863427  0.0118984087  0.0176153557  0.3364846135  0.2267826523  0.1816315299  0.0330159911  0.2830936509 -0.1056729209  0.0019991855  0.4210878924  0.1927094645 -0.0817672680  0.0379189164 -0.1278652281 -0.1389143103  0.1485945468
 0.3244394754  0.1745841415  0.3240240912  0.3634696387  0.3400584955  0.5180751724  0.2819335389  0.1536532256 -0.4001969501 -0.0566816288  1.0000000000  0.2135404877 -0.1066390150  0.0325137920  0.0144753629 -0.0625965465  0.1534464503 -0.1201321261 -0.0983292103  0.1010544403  0.1093710098 -0.0273662373  0.0115077177 -0.2798760809  0.2171291816  0.0133990874  0.1213311166 -0.0573454174 -0.1682715246 -0.2793371858 -0.3573355722 -0.0147041483 -0.0665881619 -0.2213480217  0.0420805775 -0.2246094256 -0.2682337253 -0.1472926152  0.0154014857  0.1664965521 -0.1789372514 -0.2245079609
-0.1431626302 -0.0889196466 -0.1879163618  0.0899290042  0.0722831031  0.0460779916 -0.0782684476 -0.2325584688 -0.1106637759 -0.0532303449  0.2135404877  1.0000000000  0.1756797695  0.1294577793  0.1348463544  0.1734380695  0.2179008132  0.1238281899 -0.1318877438 -0.4825632846 -0.5874780987 -0.6439960352 -0.1785377338 -0.3080912718  0.1126717733 -0.4370378644 -0.1917803463 -0.2426853542 -0.1210953210 -0.2291528629 -0.3803559288 -0.2456150835 -0.4841413966 -0.5038692058 -0.6268621073 -0.3744202722 -0.3168963111  0.1145837258  0.1069605932 -0.1166326194  0.0609342929 -0.0193252601
-0.0451667782 -0.2791823356 -0.0658052304  0.0820166787  0.2473268177  0.3906892691  0.3363148907 -0.1572725253 -0.0823279085 -0.2066787886 -0.1066390150  0.1756797695  1.0000000000  0.5008721836  0.5180697080  0.6100071248 -0.2215921189  0.1119096992 -0.3385045651 -0.3578124402 -0.3107231951 -0.1191736432  0.2875576191 -0.2591947208  0.4351432305 -0.0948223900 -0.2178887726 -0.2756487129  0.1218787895  0.1751124987  0.0700628505 -0.1636237464 -0.5392446431 -0.1182370194 -0.2415243942 -0.1616912540 -0.3510801605  0.0754747814 -0.1481709287 -0.1241825147 -0.0053494847 -0.0209863326
 0.1262866792 -0.1361576522  0.1532147448  0.2945084863  0.6233903733  0.6605470775  0.7098497458 -0.2764603095 -0.0213897378 -0.1696042725  0.0325137920  0.1294577793  0.5008721836  1.0000000000  0.9427505298  0.8711657101 -0.3989563670 -0.0958416954 -0.3798011523 -0.3369114471 -0.3841878919 -0.1612276276  0.4796839687 -0.3935999189  0.4681813312  0.1838351057 -0.3216443668 -0.2570494564  0.5256340016  0.4480449695  0.4224029793 -0.2556773267 -0.6405283997  0.0848669028 -0.3055716661 -0.5146674128 -0.6731262400  0.0180326187 -0.3840406211 -0.0018460881 -0.0463069359 -0.4651477579
 0.1260005869 -0.2063774136  0.1399091517  0.2244878554  0.6151519985  0.6275552071  0.7058972478 -0.2931700576  0.0166598955 -0.0729064992  0.0144753629  0.1348463544  0.5180697080  0.9427505298  1.0000000000  0.9197266050 -0.3887142006 -0.1267359683 -0.3760495192 -0.2842098525 -0.3500246372 -0.0871014781  0.5373651574 -0.3835448326  0.4784621158  0.1691588303 -0.2774958851 -0.2070211581  0.5993864648  0.5016749677  0.4574692250 -0.2837113147 -0.6631235533 -0.0195498208 -0.3220693067 -0.3909035845 -0.6704699099  0.0115636026 -0.3559037064 -0.0802908176 -0.0755995558 -0.4230623027
 0.0917314241 -0.1749274739  0.1191117798  0.1697134820  0.5680579852  0.5880616873  0.6455889777 -0.4235272125  0.0457116050 -0.1656878117 -0.0625965465  0.1734380695  0.6100071248  0.8711657101  0.9197266050  1.0000000000 -0.4376096493 -0.2163584845 -0.3967076063 -0.3871695799 -0.4124109123 -0.1527304880  0.5208587501 -0.4742719576  0.4176831165  0.1090217536 -0.1893303892 -0.1576714941  0.5762204039  0.4775773698  0.3721894568 -0.2263783452 -0.6357747118  0.0031110027 -0.4241427860 -0.4458529824 -0.6901834654 -0.0322952326 -0.2968383300 -0.1600103710 -0.0782001751 -0.3867185436
-0.0468988788 -0.1776018333 -0.2130532329 -0.2020533617 -0.2236625489 -0.2747153193 -0.2744816744 -0.1000336531 -0.1967320189  0.3242360594  0.1534464503  0.2179008132 -0.2215921189 -0.3989563670 -0.3887142006 -0.4376096493  1.0000000000  0.2313672710  0.4042398634  0.0482941400 -0.2011470943 -0.2856721353 -0.4413827003  0.1364238441 -0.2780451586 -0.3121961193  0.2023815068  0.2415647963 -0.2304870037  0.0632958217 -0.0532988618 -0.0846615148  0.3069844162 -0.3003662324 -0.1589609759  0.1783369739  0.0962046547  0.1089258591  0.3238963220 -0.0246048374 -0.0457336271  0.1336554810
-0.1337003286 -0.5361251453 -0.3047776709 -0.5156630721 -0.0856214344 -0.0857767679 -0.2591427682  0.2864420511 -0.4135973660 -0.2768818122 -0.1201321261  0.1238281899  0.1119096992 -0.0958416954 -0.1267359683 -0.2163584845  0.2313672710  1.0000000000  0.1378657151 -0.1678762521 -0.3079194066 -0.2120645673 -0.2931011731 -0.0922428832  0.1340892580 -0.5334452700 -0.0728690077 -0.0218117603 -0.2537662216 -0.1571423242  0.0696382837 -0.3270622884 -0.2493935143 -0.2717688614 -0.0242043931 -0.0317999440  0.0778675645  0.1103155341  0.0391507982 -0.0850547200  0.0578443005 -0.0192955658
 0.3653268934  0.0921339367  0.3722061960 -0.0556729770  0.0378090139 -0.1785559520 -0.0248365032  0.1605876749  0.0868908334  0.2995815886 -0.0983292103 -0.1318877438 -0.3385045651 -0.3798011523 -0.3760495192 -0.3967076063  0.4042398634  0.1378657151  1.0000000000  0.0609956849  0.1294006760  0.1671706667 -0.5312033186  0.5017491695 -0.6200030088  0.1224355549  0.5046901863  0.2547250399 -0.1779509406  0.1902064170 -0.0360257535  0.1231866006  0.3425571531  0.1599397866  0.2905930991  0.1300598227  0.1692876337  0.0556389259  0.5480334748  0.3954942167 -0.0981889989 -0.1544170144
 0.1525379302  0.1263673783  0.1658472202 -0.0651820046 -0.0823765689 -0.1348209235  0.0468679422  0.5162154101  0.1613608102  0.5644644874  0.1010544403 -0.4825632846 -0.3578124402 -0.3369114471 -0.2842098525 -0.3871695799  0.0482941400 -0.1678762521  0.0609956849  1.0000000000  0.7183577378  0.7427633837  0.3217362473  0.1249316804 -0.0165400559  0.1787489713  0.1181542751  0.1533030550  0.0960416286 -0.0760221412  0.1504887705  0.2159886569  0.6016706043  0.0771477776  0.5863066969  0.6198075868  0.4862798058 -0.1806170824 -0.1452445157 -0.1241021577 -0.0986690788  0.2134074399
 0.2781228061  0.3927247630  0.3753377772  0.2650262819 -0.0456940046 -0.0334582954  0.0684361374  0.5570481443  0.0312739398  0.1923430997  0.1093710098 -0.5874780987 -0.3107231951 -0.3841878919 -0.3500246372 -0.4124109123 -0.2011470943 -0.3079194066  0.1294006760  0.7183577378  1.0000000000  0.8177048556  0.0702783587  0.3683444867 -0.0826580981  0.3604927012  0.1889609727  0.0232825233 -0.2435274757 -0.2869680354 -0.1687084390  0.3905236943  0.5688424793  0.3075916440  0.7567983607  0.5191804236  0.4943217011 -0.0640989276  0.0401380681  0.2603586784 -0.0519587926  0.1786079890
 0.2686920147  0.1180918451  0.3663393274  0.1310466927  0.0984902718  0.0135690870  0.2132362426  0.5681752367  0.2123307013  0.3202091757 -0.0273662373 -0.6439960352 -0.1191736432 -0.1612276276 -0.0871014781 -0.1527304880 -0.2856721353 -0.2120645673  0.1671706667  0.7427633837  0.8177048556  1.0000000000  0.2874468490  0.2847019098 -0.0957552544  0.4043463352  0.0320266741 -0.0496461496  0.0527744301 -0.0014306097  0.0673594803  0.2652424190  0.3738710561  0.3491686765  0.6768699938  0.5206305790  0.2937791926 -0.0913135328 -0.1620432708  0.0752621096 -0.0660048689  0.1763051255
-0.0742884721 -0.0704769101 -0.0348738797  0.0478760689  0.2557137588  0.3239756789  0.4314863469  0.0527717735  0.3292163061  0.2282165747  0.0115077177 -0.1785377338  0.2875576191  0.4796839687  0.5373651574  0.5208587501 -0.4413827003 -0.2931011731 -0.5312033186  0.3217362473  0.0702783587  0.2874468490  1.0000000000 -0.2917840839  0.4936133068  0.3224420337 -0.2725448497 -0.1989370112  0.6567888543  0.2635371503  0.3601891348 -0.0365484854 -0.2861325895 -0.0439720829 -0.0442959205  0.0003817494 -0.2271420106 -0.2081002137 -0.6080917657 -0.3329855236 -0.0298026293 -0.1805536739
-0.0273511873  0.1385044229  0.0524507039  0.0227442990 -0.3654936907 -0.4791901746 -0.2570615855  0.1017727527  0.2709643918  0.2732123932 -0.2798760809 -0.3080912718 -0.2591947208 -0.3935999189 -0.3835448326 -0.4742719576  0.1364238441 -0.0922428832  0.5017491695  0.1249316804  0.3683444867  0.2847019098 -0.2917840839  1.0000000000 -0.5153403198  0.3985415426  0.0703176597  0.0711540918 -0.1738546197  0.0821224650 -0.0658038613  0.2330878573  0.3833961030  0.3514079753  0.3142537263  0.4611709598  0.4886612018  0.0371451617  0.3901607411  0.3517043252  0.0586282055  0.3046648048
-0.0085823457 -0.2419430390 -0.1649186128 -0.0683479537  0.2518395515  0.4968367339  0.3210288280  0.0312415761 -0.2937443544 -0.2723209762  0.2171291816  0.1126717733  0.4351432305  0.4681813312  0.4784621158  0.4176831165 -0.2780451586  0.1340892580 -0.6200030088 -0.0165400559 -0.0826580981 -0.0957552544  0.4936133068 -0.5153403198  1.0000000000 -0.0871760094 -0.1251772100 -0.0761757748  0.2670044458 -0.0593938874  0.2371493732 -0.2775020582 -0.4538839062 -0.4259127995 -0.0281346506 -0.1463289880 -0.1945732841  0.0283154963 -0.3410036487 -0.1287716158 -0.0252213543 -0.3306355038
 0.3802608220  0.4615714809  0.4663377181  0.3994154587  0.1949839922  0.1734008926  0.3510868951  0.0339690807  0.3310786963  0.0981863427  0.0133990874 -0.4370378644 -0.0948223900  0.1838351057  0.1691588303  0.1090217536 -0.3121961193 -0.5334452700  0.1224355549  0.1787489713  0.3604927012  0.4043463352  0.3224420337  0.3985415426 -0.0871760094  1.0000000000  0.0903043464 -0.0086583388  0.1947003221  0.3343672777  0.1742555819  0.2161684203  0.1444816021  0.4546535918  0.3477520132  0.0303890436 -0.1201835067 -0.1281555015  0.0177416901  0.3509125679  0.0059020984 -0.1898767387
 0.5682525682  0.1535032181  0.4507598034 -0.1808618591  0.1722287798  0.1483825351  0.1321292304 -0.0480164676 -0.2721994646  0.0118984087  0.1213311166 -0.1917803463 -0.2178887726 -0.3216443668 -0.2774958851 -0.1893303892  0.2023815068 -0.0728690077  0.5046901863  0.1181542751  0.1889609727  0.0320266741 -0.2725448497  0.0703176597 -0.1251772100  0.0903043464  1.0000000000  0.6279554640 -0.1285175893  0.1323081512  0.0294442406  0.1308845451  0.4125455440 -0.0403154044  0.3600667945  0.0322545154  0.1182111424  0.0019088127  0.4718509644  0.2763712162 -0.2470839631 -0.3422188153
 0.1831219070  0.0028658403  0.1129380961 -0.5268934440 -0.0980220214 -0.1301299222 -0.1268439934 -0.3757837031 -0.2468360423  0.0176153557 -0.0573454174 -0.2426853542 -0.2756487129 -0.2570494564 -0.2070211581 -0.1576714941  0.2415647963 -0.0218117603  0.2547250399  0.1533030550  0.0232825233 -0.0496461496 -0.1989370112  0.0711540918 -0.0761757748 -0.0086583388  0.6279554640  1.0000000000  0.1969068074  0.3200724098  0.3945889546  0.0092675717  0.5439437085 -0.1324050656  0.2028644338  0.2558084825  0.3306595364 -0.0000143801  0.3800488687  0.0732390212 -0.0937645577 -0.2057288397
-0.1623895842 -0.1986255495 -0.1169169248 -0.2174669607  0.1551751554  0.1576189511  0.3300877475 -0.3123582177  0.4291927171  0.3364846135 -0.1682715246 -0.1210953210  0.1218787895  0.5256340016  0.5993864648  0.5762204039 -0.2304870037 -0.2537662216 -0.1779509406  0.0960416286 -0.2435274757  0.0527744301  0.6567888543 -0.1738546197  0.2670044458  0.1947003221 -0.1285175893  0.1969068074  1.0000000000  0.6686281650  0.6713439543 -0.1339000879 -0.2036123022 -0.0400431771 -0.1888478874 -0.0375543340 -0.2197281867 -0.0500959644 -0.3351728951 -0.3052078913 -0.0470504356 -0.3716808753
 0.0888230943 -0.1975752298  0.1034394658 -0.1245028730  0.1990487104  0.1811914215  0.3997547561 -0.4424852321  0.2731411663  0.2267826523 -0.2793371858 -0.2291528629  0.1751124987  0.4480449695  0.5016749677  0.4775773698  0.0632958217 -0.1571423242  0.1902064170 -0.0760221412 -0.2869680354 -0.0014306097  0.2635371503  0.0821224650 -0.0593938874  0.3343672777  0.1323081512  0.3200724098  0.6686281650  1.0000000000  0.7288076550 -0.0889745325 -0.0669384881  0.2447744800 -0.0455558701  0.0075602251 -0.3155198740  0.0143041856 -0.0708409942 -0.0714619432 -0.0639673957 -0.2951732489
-0.0217452611 -0.3376079891 -0.1038955554 -0.3948428062  0.0892066126  0.0846624044  0.2451178851 -0.2922942080  0.1259765949  0.1816315299 -0.3573355722 -0.3803559288  0.0700628505  0.4224029793  0.4574692250  0.3721894568 -0.0532988618  0.0696382837 -0.0360257535  0.1504887705 -0.1687084390  0.0673594803  0.3601891348 -0.0658038613  0.2371493732  0.1742555819  0.0294442406  0.3945889546  0.6713439543  0.7288076550  1.0000000000 -0.1888946756 -0.0017746483  0.1495520078  0.0667973386  0.1296878866 -0.0638302056 -0.0107251917 -0.1800015744 -0.0930620890 -0.0074684283 -0.2662988982
 0.0439356653  0.2947376689  0.1959442681  0.2456454275 -0.1602966935 -0.0704629220 -0.0671304272  0.1775438600  0.0713572663  0.0330159911 -0.0147041483 -0.2456150835 -0.1636237464 -0.2556773267 -0.2837113147 -0.2263783452 -0.0846615148 -0.3270622884  0.1231866006  0.2159886569  0.3905236943  0.2652424190 -0.0365484854  0.2330878573 -0.2775020582  0.2161684203  0.1308845451  0.0092675717 -0.1339000879 -0.0889745325 -0.1888946756  1.0000000000  0.4165500799  0.3328907715  0.3416283779  0.1720493071  0.2570847623 -0.0163209584  0.1318786019  0.0799800486 -0.2447444029  0.2106775080
 0.1258360145  0.3488070003  0.1819189488 -0.1271193935 -0.3359232404 -0.3998338078 -0.3026209867  0.1102602438 -0.0047740893  0.2830936509 -0.0665881619 -0.4841413966 -0.5392446431 -0.6405283997 -0.6631235533 -0.6357747118  0.3069844162 -0.2493935143  0.3425571531  0.6016706043  0.5688424793  0.3738710561 -0.2861325895  0.3833961030 -0.4538839062  0.1444816021  0.4125455440  0.5439437085 -0.2036123022 -0.0669384881 -0.0017746483  0.4165500799  1.0000000000  0.2670690508  0.5225640050  0.5529374111  0.6494795254 -0.0775645780  0.3428018700  0.0585891206 -0.0402336370  0.2792661184
 0.1079401273  0.2559192765  0.2838329358  0.3090567390 -0.0210730110 -0.0485637534  0.0877315617  0.1325393484  0.2090303613 -0.1056729209 -0.2213480217 -0.5038692058 -0.1182370194  0.0848669028 -0.0195498208  0.0031110027 -0.3003662324 -0.2717688614  0.1599397866  0.0771477776  0.3075916440  0.3491686765 -0.0439720829  0.3514079753 -0.4259127995  0.4546535918 -0.0403154044 -0.1324050656 -0.0400431771  0.2447744800  0.1495520078  0.3328907715  0.2670690508  1.0000000000  0.4357543159 -0.0037607762  0.0308914953 -0.0834010155 -0.1542385563  0.2332971842  0.0368611222  0.0848062383
 0.3220459721  0.2175402085  0.4117887283  0.0656427708 -0.0737474162  0.0151890778  0.0362320469  0.6109775521 -0.0612834091  0.0019991855  0.0420805775 -0.6268621073 -0.2415243942 -0.3055716661 -0.3220693067 -0.4241427860 -0.1589609759 -0.0242043931  0.2905930991  0.5863066969  0.7567983607  0.6768699938 -0.0442959205  0.3142537263 -0.0281346506  0.3477520132  0.3600667945  0.2028644338 -0.1888478874 -0.0455558701  0.0667973386  0.3416283779  0.5225640050  0.4357543159  1.0000000000  0.4194011105  0.4904686852 -0.0378852077  0.0047255063  0.3107721662 -0.0653651242 -0.0272116736
-0.1788948511 -0.1113581154 -0.1413202705 -0.2907174676 -0.4175457297 -0.4371262601 -0.2618109059  0.1914408587  0.1841813736  0.4210878924 -0.2246094256 -0.3744202722 -0.1616912540 -0.5146674128 -0.3909035845 -0.4458529824  0.1783369739 -0.0317999440  0.1300598227  0.6198075868  0.5191804236  0.5206305790  0.0003817494  0.4611709598 -0.1463289880  0.0303890436  0.0322545154  0.2558084825 -0.0375543340  0.0075602251  0.1296878866  0.1720493071  0.5529374111 -0.0037607762  0.4194011105  1.0000000000  0.7359592999 -0.0414919851  0.1348495332 -0.1915882732  0.0446262858  0.6013129307
-0.3073684399  0.0502108545 -0.2227435483 -0.3776421731 -0.6139444543 -0.6064573183 -0.5600845996  0.2628368252  0.1092065558  0.1927094645 -0.2682337253 -0.3168963111 -0.3510801605 -0.6731262400 -0.6704699099 -0.6901834654  0.0962046547  0.0778675645  0.1692876337  0.4862798058  0.4943217011  0.2937791926 -0.2271420106  0.4886612018 -0.1945732841 -0.1201835067  0.1182111424  0.3306595364 -0.2197281867 -0.3155198740 -0.0638302056  0.2570847623  0.6494795254  0.0308914953  0.4904686852  0.7359592999  1.0000000000  0.0624288642  0.2094212155  0.0290395294  0.0930815957  0.4547546446
-0.0874797914 -0.1260750047 -0.2271917637 -0.0416428835 -0.0462462599  0.0302596896 -0.0454037554 -0.0982451649 -0.0891655690 -0.0817672680 -0.1472926152  0.1145837258  0.0754747814  0.0180326187  0.0115636026 -0.0322952326  0.1089258591  0.1103155341  0.0556389259 -0.1806170824 -0.0640989276 -0.0913135328 -0.2081002137  0.0371451617  0.0283154963 -0.1281555015  0.0019088127 -0.0000143801 -0.0500959644  0.0143041856 -0.0107251917 -0.0163209584 -0.0775645780 -0.0834010155 -0.0378852077 -0.0414919851  0.0624288642  1.0000000000  0.0720981581  0.0750762004  0.1545732008  0.0259473000
 0.3233346073  0.1882248746  0.2705466602 -0.0688845575 -0.0352898991 -0.1464474211 -0.1434937475 -0.2280074702 -0.2259927687  0.0379189164  0.0154014857  0.1069605932 -0.1481709287 -0.3840406211 -0.3559037064 -0.2968383300  0.3238963220  0.0391507982  0.5480334748 -0.1452445157  0.0401380681 -0.1620432708 -0.6080917657  0.3901607411 -0.3410036487  0.0177416901  0.4718509644  0.3800488687 -0.3351728951 -0.0708409942 -0.1800015744  0.1318786019  0.3428018700 -0.1542385563  0.0047255063  0.1348495332  0.2094212155  0.0720981581  1.0000000000  0.3170237618 -0.1339353777  0.0230498549
 0.3953990842  0.2645331729  0.3936989521  0.2535498669  0.1890198209  0.1613162128  0.1458044850  0.0692301419 -0.1678691043 -0.1278652281  0.1664965521 -0.1166326194 -0.1241825147 -0.0018460881 -0.0802908176 -0.1600103710 -0.0246048374 -0.0850547200  0.3954942167 -0.1241021577  0.2603586784  0.0752621096 -0.3329855236  0.3517043252 -0.1287716158  0.3509125679  0.2763712162  0.0732390212 -0.3052078913 -0.0714619432 -0.0930620890  0.0799800486  0.0585891206  0.2332971842  0.3107721662 -0.1915882732  0.0290395294  0.0750762004  0.3170237618  1.0000000000 -0.0420561749 -0.3565564658
-0.3254433305  0.0370457223 -0.2755097059 -0.0531913521 -0.2668091862 -0.1945081018 -0.2504225421 -0.0375164557  0.1353839941 -0.1389143103 -0.1789372514  0.0609342929 -0.0053494847 -0.0463069359 -0.0755995558 -0.0782001751 -0.0457336271  0.0578443005 -0.0981889989 -0.0986690788 -0.0519587926 -0.0660048689 -0.0298026293  0.0586282055 -0.0252213543  0.0059020984 -0.2470839631 -0.0937645577 -0.0470504356 -0.0639673957 -0.0074684283 -0.2447444029 -0.0402336370  0.0368611222 -0.0653651242  0.0446262858  0.0930815957  0.1545732008 -0.1339353777 -0.0420561749  1.0000000000  0.1801877539
-0.4430657061 -0.1334606185 -0.3875503329 -0.0662006205 -0.5414896874 -0.5312897955 -0.4836043668  0.0467872006  0.1555815952  0.1485945468 -0.2245079609 -0.0193252601 -0.0209863326 -0.4651477579 -0.4230623027 -0.3867185436  0.1336554810 -0.0192955658 -0.1544170144  0.2134074399  0.1786079890  0.1763051255 -0.1805536739  0.3046648048 -0.3306355038 -0.1898767387 -0.3422188153 -0.2057288397 -0.3716808753 -0.2951732489 -0.2662988982  0.2106775080  0.2792661184  0.0848062383 -0.0272116736  0.6013129307  0.4547546446  0.0259473000  0.0230498549 -0.3565564658  0.1801877539  1.0000000000
