 1.0000000000  0.3144736623  0.6911392260  0.8112415523  0.7877847303  0.3915859098  0.9248117117  0.2471279556 -0.0635174266  0.3108281429  0.3657755128 -0.0255105651 -0.3723059738  0.5663236948 -0.2579725434  0.0216988707  0.0361344911  0.2302654255  0.1199434048  0.1241228926 -0.2622557983  0.2492166751 -0.1833881192 -0.0703664748 -0.6116702243 -0.2782339004 -0.4047987346 -0.2276497431 -0.4235285102 -0.2357202102 -0.1018979219 -0.3755632460  0.0269235388 -0.4849784239 -0.0166407997  0.5271813830  0.6231835043  0.2676213809 -0.6459623479  0.0273283801 -0.6277519361 -0.4312609615
 0.3144736623  1.0000000000  0.4871390955  0.4399348953  0.3883685386  0.5462127905  0.3540207156  0.3095083448  0.0372817952  0.0970926397  0.3803163070  0.2673505193  0.2436525856  0.1746388083 -0.0068752156 -0.0238249096 -0.4302866305  0.0636365360 -0.2098535795  0.1783019655 -0.0989349959  0.0700514113  0.0840130219 -0.3125900053  0.0304211137 -0.1708809730  0.2796953090  0.2519958786 -0.1105832290 -0.1117513805 -0.2856236390 -0.3533785158 -0.1278274746 -0.2126709934 -0.1130573136  0.1945216430  0.3464382735  0.3687339561 -0.2379477137 -0.1501842369 -0.1913546348 -0.0790898116
 0.6911392260  0.4871390955  1.0000000000  0.9010902168  0.7317006924  0.7169184093  0.8141218352  0.2390561213  0.0464336511  0.2886760475  0.6529044259  0.2806509935 -0.0813394353  0.6904412694 -0.0360112726  0.1079967878 -0.1186817313 -0.0608333154 -0.0949635362  0.1191948197 -0.2885672763  0.0615199246 -0.0775887923 -0.1232821795 -0.2766572797 -0.4744413967 -0.0444361009 -0.0331209376 -0.2550024672 -0.2056892009 -0.3081089960 -0.4642532514 -0.0804834902 -0.3734792914 -0.0189494539  0.3471789384  0.4550953510  0.4712193198 -0.5059278555 -0.1457794789 -0.4561507724 -0.1768747608
 0.8112415523  0.4399348953  0.9010902168  1.0000000000  0.7913883325  0.6587844604  0.9134999281  0.2245034929 -0.0787273550  0.3109421491  0.6320077016  0.1510650827 -0.1112378808  0.6885851996 -0.1513819033  0.0942036658 -0.0592310796  0.1268122925 -0.0344931012  0.0999847236 -0.2767658009  0.1519717319 -0.1582464156 -0.1260190433 -0.3936657450 -0.3949118027 -0.1387891658 -0.1557430352 -0.3508599013 -0.2385882130 -0.2851625483 -0.4350107677  0.0087993455 -0.4170895588  0.1333778600  0.4673557803  0.5264659562  0.3956395474 -0.5273403680 -0.0497204870 -0.5027254696 -0.3870486611
 0.7877847303  0.3883685386  0.7317006924  0.7913883325  1.0000000000  0.5313761307  0.8362419733  0.1931264295  0.0164021752  0.1466327040  0.5852271604  0.1095426403 -0.0550891844  0.4430151971 -0.2343144079 -0.0349292905  0.0202121457  0.1369340109  0.1430776766  0.0265709092 -0.1997475943  0.1624217794 -0.0343024981 -0.0936817587 -0.3183921860 -0.2388543675 -0.0874656140 -0.1567121086 -0.4036643633 -0.1526636521 -0.2533622118 -0.4632719386 -0.0993237009 -0.4350335335  0.1059081014  0.3613718322  0.4051940661  0.3930584651 -0.4415795743 -0.2251966226 -0.5215016888 -0.3713129140
 0.3915859098  0.5462127905  0.7169184093  0.6587844604  0.5313761307  1.0000000000  0.5620087425  0.3296123602 -0.0044095092  0.2339547456  0.8322447816  0.4095946161  0.2404559250  0.4978885050 -0.1104982217  0.0931172188 -0.0803024064 -0.1333734544  0.0967564178  0.2384673854  0.0253232600  0.2241567330 -0.1631772147 -0.0530893342 -0.0441573491 -0.3546034976  0.3341986627  0.1262517247 -0.4605904034 -0.2433677285 -0.4919674536 -0.5124162882 -0.1704670519 -0.1715014106 -0.0260277161  0.3182364812  0.3265852371  0.5546831303 -0.1769041723 -0.2867872247 -0.1610137324  0.0526650163
 0.9248117117  0.3540207156  0.8141218352  0.9134999281  0.8362419733  0.5620087425  1.0000000000  0.2136704622 -0.0947070848  0.3331620473  0.5251445654  0.0081459309 -0.2346300606  0.6203980598 -0.2444973659  0.0798060278  0.0462737102  0.1646821680  0.0918438485  0.1020716810 -0.2559608330  0.1742815652 -0.1837426102 -0.0325952134 -0.4752384675 -0.2776329579 -0.2410209913 -0.2059188403 -0.4336301876 -0.1767134810 -0.1970378365 -0.3622483695  0.1119590796 -0.4172809267  0.0964232140  0.4719329190  0.5792694378  0.3953765424 -0.5330054329  0.0380527131 -0.5484211495 -0.4469182373
 0.2471279556  0.3095083448  0.2390561213  0.2245034929  0.1931264295  0.3296123602  0.2136704622  1.0000000000  0.4208781648  0.7365445784  0.4326964730 -0.1902098872 -0.0193185462  0.0473943450 -0.4823514997 -0.4556521019 -0.4647918493  0.1139738326 -0.1878346830  0.7853774818  0.4682774918  0.6977690944 -0.4460141115  0.0613760526 -0.3084642102 -0.2446261694  0.0493974936 -0.2898787258 -0.5545754556 -0.6037634468 -0.3652129342 -0.3191834709 -0.1907175863  0.2808015828 -0.0246808927  0.6152093990  0.3442244635  0.0162908234  0.0929591536 -0.1179540560  0.2650937145  0.3253489957
-0.0635174266  0.0372817952  0.0464336511 -0.0787273550  0.0164021752 -0.0044095092 -0.0947070848  0.4208781648  1.0000000000  0.3955400140  0.0159006171  0.0171461508 -0.0423630901 -0.1130133934 -0.2017429804 -0.2520363574 -0.3134985756 -0.0254119002 -0.4140914621  0.1714154825  0.0253062794  0.1171309009  0.1762511568  0.0927024417 -0.0695822908 -0.1325459788 -0.0868400578  0.0246220657 -0.0653811618 -0.0769859120 -0.0560943208 -0.0102038283 -0.2725733535 -0.0485169222 -0.3760331336  0.1129299554 -0.0867491196 -0.2624851974 -0.0646772482 -0.0394954042 -0.0491076837  0.1596129628
 0.3108281429  0.0970926397  0.2886760475  0.3109421491  0.1466327040  0.2339547456  0.3331620473  0.7365445784  0.3955400140  1.0000000000  0.2657565466 -0.3042553206 -0.2594852823  0.2497158219 -0.3707440677 -0.2143087230 -0.2658889038 -0.0495722509 -0.2708390192  0.5793324006  0.1801357700  0.4120128536 -0.4512565768  0.1953237815 -0.3355204011 -0.2389226811 -0.1291394938 -0.2271621698 -0.4448555283 -0.4384922957 -0.1807782956  0.0549880371  0.1282957953  0.3044332826  0.0233835375  0.5125186863  0.3737499783 -0.1297810286  0.0406421504  0.1340005389  0.1821296517  0.0953410129
 0.3657755128  0.3803163070  0.6529044259  0.6320077016  0.5852271604  0.8322447816  0.5251445654  0.4326964730  0.0159006171  0.2657565466  1.0000000000  0.2153231691  0.3109956131  0.3963323418 -0.2565964114 -0.1350071586 -0.1307981455 -0.1111847767  0.1167811442  0.3940181735  0.2418281061  0.3814370933 -0.2751994986  0.0754885951 -0.0236526087 -0.3800030529  0.3840706108 -0.1381182516 -0.5505079751 -0.4946428898 -0.5332209359 -0.5448251065 -0.2005883868 -0.0152136990  0.0549510625  0.3749960051  0.1589168414  0.5215168762  0.0118569992 -0.3770339348  0.0422237767  0.0919400207
-0.0255105651  0.2673505193  0.2806509935  0.1510650827  0.1095426403  0.4095946161  0.0081459309 -0.1902098872  0.0171461508 -0.3042553206  0.2153231691  1.0000000000  0.3742407036  0.4523876174  0.5554180548  0.5927402308 -0.0987178023 -0.3233421203 -0.1520968259 -0.2366389992 -0.3559830124 -0.3052779910  0.2536450972 -0.5381998224  0.2255132202 -0.4207994601  0.3524462291  0.6869894454  0.1826855194  0.1849484327 -0.4015222887 -0.4376453303 -0.1747010091 -0.4623023412 -0.2473140933 -0.2262317913 -0.0997901884  0.5205188978 -0.3649211872 -0.2674371580 -0.3017167661 -0.1515430983
-0.3723059738  0.2436525856 -0.0813394353 -0.1112378808 -0.0550891844  0.2404559250 -0.2346300606 -0.0193185462 -0.0423630901 -0.2594852823  0.3109956131  0.3742407036  1.0000000000 -0.1226261443  0.0629770428  0.0388092653 -0.3642280176 -0.1421863498 -0.1583215413  0.1135525303  0.2930979419  0.0325142742  0.1939626993 -0.2416762293  0.5971178117  0.1452354409  0.9204482515  0.2603714189 -0.0737833440 -0.0660732665 -0.3695881160 -0.2232051298 -0.2581485348  0.0259772470  0.1096993428 -0.1187323305 -0.1628844601  0.3847407446  0.3736226281 -0.1415542178  0.2294445343  0.0523277454
 0.5663236948  0.1746388083  0.6904412694  0.6885851996  0.4430151971  0.4978885050  0.6203980598  0.0473943450 -0.1130133934  0.2497158219  0.3963323418  0.4523876174 -0.1226261443  1.0000000000  0.2851511766  0.5060967328  0.1337393716 -0.2840512820 -0.0309096112  0.0028580187 -0.4051316838 -0.0597122392 -0.3194496142 -0.3091260429 -0.3176779006 -0.5904248903 -0.1334129684  0.3270547870 -0.2084759493 -0.2105519113 -0.3595862831 -0.3163533789  0.1932043385 -0.3594895746  0.0211146212  0.1917425582  0.2456477687  0.4900924435 -0.5283325352 -0.0221448947 -0.3724872056 -0.3316201139
-0.2579725434 -0.0068752156 -0.0360112726 -0.1513819033 -0.2343144079 -0.1104982217 -0.2444973659 -0.4823514997 -0.2017429804 -0.3707440677 -0.2565964114  0.5554180548  0.0629770428  0.2851511766  1.0000000000  0.8029474604  0.1236463308 -0.3427609683 -0.1701465371 -0.5042084303 -0.5380426044 -0.7006405944  0.1456077678 -0.5535661996  0.1847751621 -0.4432991575  0.0486433629  0.6463895773  0.6678463507  0.4018740093 -0.1387014956 -0.0834005748  0.1357292940 -0.2785135947 -0.2578294430 -0.6512186034 -0.4487913519  0.2461601520 -0.3194010275 -0.2396893778 -0.1187573230 -0.1505053879
 0.0216988707 -0.0238249096  0.1079967878  0.0942036658 -0.0349292905  0.0931172188  0.0798060278 -0.4556521019 -0.2520363574 -0.2143087230 -0.1350071586  0.5927402308  0.0388092653  0.5060967328  0.8029474604  1.0000000000  0.2289577722 -0.2324327910 -0.0918747899 -0.4496264462 -0.4968713889 -0.5846404493 -0.0003931594 -0.4150603173  0.0988904934 -0.4093759018  0.0127797682  0.6635448190  0.3458451980  0.4111416164 -0.2705279503 -0.1325123983  0.2344207541 -0.3760568319 -0.1947315714 -0.4667930136 -0.2436308452  0.3546472272 -0.3991946995 -0.0647728718 -0.2955217133 -0.3898037196
 0.0361344911 -0.4302866305 -0.1186817313 -0.0592310796  0.0202121457 -0.0803024064  0.0462737102 -0.4647918493 -0.3134985756 -0.2658889038 -0.1307981455 -0.0987178023 -0.3642280176  0.1337393716  0.1236463308  0.2289577722  1.0000000000 -0.1205678425  0.6865411570 -0.4266041258 -0.2661736995 -0.2367180833 -0.1581702036  0.2376894587 -0.1650988987  0.0699128381 -0.3639676669  0.0248626408 -0.0149227233  0.1883843924  0.3430418846  0.3161146979  0.2705267030 -0.1025873055  0.2111044347 -0.2066523432 -0.1701435346 -0.1557404676 -0.0704235071  0.1006213045 -0.1429030474 -0.1559870537
 0.2302654255  0.0636365360 -0.0608333154  0.1268122925  0.1369340109 -0.1333734544  0.1646821680  0.1139738326 -0.0254119002 -0.0495722509 -0.1111847767 -0.3233421203 -0.1421863498 -0.2840512820 -0.3427609683 -0.2324327910 -0.1205678425  1.0000000000 -0.1990376084 -0.0056031540  0.1606442762  0.1960273490  0.0060516532  0.1076051400 -0.2386944312  0.1989125497 -0.2608789308 -0.4086865468 -0.0979657023 -0.0403332715  0.1041787506 -0.0706056732 -0.1433128722 -0.1026719985 -0.0011957248  0.1838679880  0.1255609236 -0.2589398715 -0.1245797114  0.1899916885 -0.1488413519 -0.3202422870
 0.1199434048 -0.2098535795 -0.0949635362 -0.0344931012  0.1430776766  0.0967564178  0.0918438485 -0.1878346830 -0.4140914621 -0.2708390192  0.1167811442 -0.1520968259 -0.1583215413 -0.0309096112 -0.1701465371 -0.0918747899  0.6865411570 -0.1990376084  1.0000000000 -0.0765674122  0.1163038688  0.1725696125 -0.1774774564  0.2733288817 -0.2274985919  0.1472535649 -0.1422882102 -0.1557732492 -0.3109398031 -0.0109491131  0.2274304504 -0.0032718168  0.0470052490 -0.0255724372  0.2778545831  0.0615929304  0.0809288870  0.0172791468  0.0843082219 -0.1426609872 -0.0703496248  0.1851123920
 0.1241228926  0.1783019655  0.1191948197  0.0999847236  0.0265709092  0.2384673854  0.1020716810  0.7853774818  0.1714154825  0.5793324006  0.3940181735 -0.2366389992  0.1135525303  0.0028580187 -0.5042084303 -0.4496264462 -0.4266041258 -0.0056031540 -0.0765674122  1.0000000000  0.6876694507  0.8424515197 -0.5718930375  0.1190320397 -0.0685233014 -0.0592871810  0.1728833865 -0.2580468737 -0.5716055786 -0.5857293128 -0.3966967826 -0.2367028910 -0.1620795011  0.4475528336  0.0812700683  0.6805427104  0.3807007991  0.1467070035  0.2844769914  0.0349839524  0.3954319121  0.4129157819
-0.2622557983 -0.0989349959 -0.2885672763 -0.2767658009 -0.1997475943  0.0253232600 -0.2559608330  0.4682774918  0.0253062794  0.1801357700  0.2418281061 -0.3559830124  0.2930979419 -0.4051316838 -0.5380426044 -0.4968713889 -0.2661736995  0.1606442762  0.1163038688  0.6876694507  1.0000000000  0.6950866301 -0.3824610599  0.2823987419  0.2033499179  0.2027519587  0.3418782177 -0.3499707761 -0.4907590856 -0.3834109474 -0.3314676377 -0.1786112250 -0.2760641092  0.5850436925  0.0710979578  0.3012609425 -0.0088685120  0.0315282769  0.6577917073 -0.0852017828  0.6050892359  0.5323625671
 0.2492166751  0.0700514113  0.0615199246  0.1519717319  0.1624217794  0.2241567330  0.1742815652  0.6977690944  0.1171309009  0.4120128536  0.3814370933 -0.3052779910  0.0325142742 -0.0597122392 -0.7006405944 -0.5846404493 -0.2367180833  0.1960273490  0.1725696125  0.8424515197  0.6950866301  1.0000000000 -0.5576135666  0.1941974941 -0.2886988681  0.0465727007  0.0112257155 -0.4690505554 -0.7087265772 -0.5937975935 -0.2454696015 -0.2698401476 -0.2075654757  0.2967577253  0.2314242031  0.8527769783  0.4922789184  0.0242692459  0.2097429286  0.0664423125  0.2008845327  0.3221065721
-0.1833881192  0.0840130219 -0.0775887923 -0.1582464156 -0.0343024981 -0.1631772147 -0.1837426102 -0.4460141115  0.1762511568 -0.4512565768 -0.2751994986  0.2536450972  0.1939626993 -0.3194496142  0.1456077678 -0.0003931594 -0.1581702036  0.0060516532 -0.1774774564 -0.5718930375 -0.3824610599 -0.5576135666  1.0000000000 -0.1503763106  0.3372338891  0.2986856416  0.1535517549  0.1415580565  0.5133518731  0.5617257049  0.2967783532  0.0631274218 -0.2213060189 -0.3610455959 -0.3081749318 -0.4612046047 -0.1614425766 -0.0954648836 -0.1082411789 -0.0612073737 -0.2992241911 -0.1044622974
-0.0703664748 -0.3125900053 -0.1232821795 -0.1260190433 -0.0936817587 -0.0530893342 -0.0325952134  0.0613760526  0.0927024417  0.1953237815  0.0754885951 -0.5381998224 -0.2416762293 -0.3091260429 -0.5535661996 -0.4150603173  0.2376894587  0.1076051400  0.2733288817  0.1190320397  0.2823987419  0.1941974941 -0.1503763106  1.0000000000 -0.0841121433  0.3742407261 -0.1583353339 -0.4628689905 -0.3587119408 -0.2419710537  0.3440292670  0.3746457869  0.0406714835  0.4037558192  0.1633010380  0.1013795448 -0.0101124555 -0.4525533777  0.3845316928  0.1640222810  0.2141167532  0.1881044747
-0.6116702243  0.0304211137 -0.2766572797 -0.3936657450 -0.3183921860 -0.0441573491 -0.4752384675 -0.3084642102 -0.0695822908 -0.3355204011 -0.0236526087  0.2255132202  0.5971178117 -0.3176779006  0.1847751621  0.0988904934 -0.1650988987 -0.2386944312 -0.2274985919 -0.0685233014  0.2033499179 -0.2886988681  0.3372338891 -0.0841121433  1.0000000000  0.3532169300  0.6941202255  0.3616110681  0.2519287764  0.2748886755 -0.2246545705  0.1097852795 -0.0177440019  0.2214092084 -0.0726134721 -0.4720715844 -0.4233876187  0.1676523913  0.5212897278 -0.1041285419  0.3798808961  0.0922009637
-0.2782339004 -0.1708809730 -0.4744413967 -0.3949118027 -0.2388543675 -0.3546034976 -0.2776329579 -0.2446261694 -0.1325459788 -0.2389226811 -0.3800030529 -0.4207994601  0.1452354409 -0.5904248903 -0.4432991575 -0.4093759018  0.0699128381  0.1989125497  0.1472535649 -0.0592871810  0.2027519587  0.0465727007  0.2986856416  0.3742407261  0.3532169300  1.0000000000  0.1526586088 -0.2108655634 -0.0774253461  0.1691027141  0.4997921662  0.5547740286  0.1667360862  0.2419136882  0.2708687294 -0.0133992082  0.1105459321 -0.3626315163  0.4956752486  0.4742408500  0.1357378514 -0.0579797164
-0.4047987346  0.2796953090 -0.0444361009 -0.1387891658 -0.0874656140  0.3341986627 -0.2410209913  0.0493974936 -0.0868400578 -0.1291394938  0.3840706108  0.3524462291  0.9204482515 -0.1334129684  0.0486433629  0.0127797682 -0.3639676669 -0.2608789308 -0.1422882102  0.1728833865  0.3418782177  0.0112257155  0.1535517549 -0.1583353339  0.6941202255  0.1526586088  1.0000000000  0.2683066100 -0.1182473669 -0.0744733668 -0.3924134938 -0.1612508205 -0.1470251994  0.1917568356  0.0749327360 -0.1510206528 -0.1468133650  0.4083025808  0.4813812280 -0.1808518221  0.3625026264  0.1440889814
-0.2276497431  0.2519958786 -0.0331209376 -0.1557430352 -0.1567121086  0.1262517247 -0.2059188403 -0.2898787258  0.0246220657 -0.2271621698 -0.1381182516  0.6869894454  0.2603714189  0.3270547870  0.6463895773  0.6635448190  0.0248626408 -0.4086865468 -0.1557732492 -0.2580468737 -0.3499707761 -0.4690505554  0.1415580565 -0.4628689905  0.3616110681 -0.2108655634  0.2683066100  1.0000000000  0.2737772377  0.3455014633 -0.2619289635 -0.0426183594  0.0326626258 -0.2363974644 -0.2917958213 -0.4741284304 -0.2918694200  0.3161047289 -0.2205158680 -0.1436541378 -0.1305325581 -0.1365666785
-0.4235285102 -0.1105832290 -0.2550024672 -0.3508599013 -0.4036643633 -0.4605904034 -0.4336301876 -0.5545754556 -0.0653811618 -0.4448555283 -0.5505079751  0.1826855194 -0.0737833440 -0.2084759493  0.6678463507  0.3458451980 -0.0149227233 -0.0979657023 -0.3109398031 -0.5716055786 -0.4907590856 -0.7087265772  0.5133518731 -0.3587119408  0.2519287764 -0.0774253461 -0.1182473669  0.2737772377  1.0000000000  0.5875444732  0.2096273319  0.1963580543  0.0198822082 -0.1566111518 -0.1883739078 -0.6455624537 -0.4408778684 -0.1365258975 -0.1848541746 -0.0653620336 -0.0622729767 -0.0512401073
-0.2357202102 -0.1117513805 -0.2056892009 -0.2385882130 -0.1526636521 -0.2433677285 -0.1767134810 -0.6037634468 -0.0769859120 -0.4384922957 -0.4946428898  0.1849484327 -0.0660732665 -0.2105519113  0.4018740093  0.4111416164  0.1883843924 -0.0403332715 -0.0109491131 -0.5857293128 -0.3834109474 -0.5937975935  0.5617257049 -0.2419710537  0.2748886755  0.1691027141 -0.0744733668  0.3455014633  0.5875444732  1.0000000000  0.1414719434  0.2054398517  0.0472569547 -0.2548346517 -0.0989873108 -0.5141208069 -0.1912407337  0.0147865409 -0.1477700285  0.0962556002 -0.2471408349 -0.1697531415
-0.1018979219 -0.2856236390 -0.3081089960 -0.2851625483 -0.2533622118 -0.4919674536 -0.1970378365 -0.3652129342 -0.0560943208 -0.1807782956 -0.5332209359 -0.4015222887 -0.3695881160 -0.3595862831 -0.1387014956 -0.2705279503  0.3430418846  0.1041787506  0.2274304504 -0.3966967826 -0.3314676377 -0.2454696015  0.2967783532  0.3440292670 -0.2246545705  0.4997921662 -0.3924134938 -0.2619289635  0.2096273319  0.1414719434  1.0000000000  0.6504479288  0.2210140508 -0.0099059390  0.1490607138 -0.1145272280  0.0707196483 -0.6480039165 -0.0223875100  0.3604046279 -0.1851946506 -0.0526839939
-0.3755632460 -0.3533785158 -0.4642532514 -0.4350107677 -0.4632719386 -0.5124162882 -0.3622483695 -0.3191834709 -0.0102038283  0.0549880371 -0.5448251065 -0.4376453303 -0.2232051298 -0.3163533789 -0.0834005748 -0.1325123983  0.3161146979 -0.0706056732 -0.0032718168 -0.2367028910 -0.1786112250 -0.2698401476  0.0631274218  0.3746457869  0.1097852795  0.5547740286 -0.1612508205 -0.0426183594  0.1963580543  0.2054398517  0.6504479288  1.0000000000  0.4944671513  0.3803934997  0.2425785088 -0.2065377643 -0.1262480774 -0.5664365640  0.3534349386  0.5837970877  0.2409846556 -0.0690134720
 0.0269235388 -0.1278274746 -0.0804834902  0.0087993455 -0.0993237009 -0.1704670519  0.1119590796 -0.1907175863 -0.2725733535  0.1282957953 -0.2005883868 -0.1747010091 -0.2581485348  0.1932043385  0.1357292940  0.2344207541  0.2705267030 -0.1433128722  0.0470052490 -0.1620795011 -0.2760641092 -0.2075654757 -0.2213060189  0.0406714835 -0.0177440019  0.1667360862 -0.1470251994  0.0326626258  0.0198822082  0.0472569547  0.2210140508  0.4944671513  1.0000000000  0.1460842874  0.3076640335 -0.0433592707  0.0544884937 -0.0471008853  0.0839042194  0.4422470798  0.0692129453 -0.3743682770
-0.4849784239 -0.2126709934 -0.3734792914 -0.4170895588 -0.4350335335 -0.1715014106 -0.4172809267  0.2808015828 -0.0485169222  0.3044332826 -0.0152136990 -0.4623023412  0.0259772470 -0.3594895746 -0.2785135947 -0.3760568319 -0.1025873055 -0.1026719985 -0.0255724372  0.4475528336  0.5850436925  0.2967577253 -0.3610455959  0.4037558192  0.2214092084  0.2419136882  0.1917568356 -0.2363974644 -0.1566111518 -0.2548346517 -0.0099059390  0.3803934997  0.1460842874  1.0000000000  0.2261042092  0.0722949566 -0.0969706413 -0.1220131552  0.7778297476  0.1962697973  0.8741873621  0.5226542851
-0.0166407997 -0.1130573136 -0.0189494539  0.1333778600  0.1059081014 -0.0260277161  0.0964232140 -0.0246808927 -0.3760331336  0.0233835375  0.0549510625 -0.2473140933  0.1096993428  0.0211146212 -0.2578294430 -0.1947315714  0.2111044347 -0.0011957248  0.2778545831  0.0812700683  0.0710979578  0.2314242031 -0.3081749318  0.1633010380 -0.0726134721  0.2708687294  0.0749327360 -0.2917958213 -0.1883739078 -0.0989873108  0.1490607138  0.2425785088  0.3076640335  0.2261042092  1.0000000000  0.3008825613  0.3046891944 -0.0882515838  0.2177576808  0.3123503387  0.1176550874 -0.1758668648
 0.5271813830  0.1945216430  0.3471789384  0.4673557803  0.3613718322  0.3182364812  0.4719329190  0.6152093990  0.1129299554  0.5125186863  0.3749960051 -0.2262317913 -0.1187323305  0.1917425582 -0.6512186034 -0.4667930136 -0.2066523432  0.1838679880  0.0615929304  0.6805427104  0.3012609425  0.8527769783 -0.4612046047  0.1013795448 -0.4720715844 -0.0133992082 -0.1510206528 -0.4741284304 -0.6455624537 -0.5141208069 -0.1145272280 -0.2065377643 -0.0433592707  0.0722949566  0.3008825613  1.0000000000  0.7717102584  0.0595617725 -0.0832975715  0.2916816525 -0.0943389687  0.0299774998
 0.6231835043  0.3464382735  0.4550953510  0.5264659562  0.4051940661  0.3265852371  0.5792694378  0.3442244635 -0.0867491196  0.3737499783  0.1589168414 -0.0997901884 -0.1628844601  0.2456477687 -0.4487913519 -0.2436308452 -0.1701435346  0.1255609236  0.0809288870  0.3807007991 -0.0088685120  0.4922789184 -0.1614425766 -0.0101124555 -0.4233876187  0.1105459321 -0.1468133650 -0.2918694200 -0.4408778684 -0.1912407337  0.0707196483 -0.1262480774  0.0544884937 -0.0969706413  0.3046891944  0.7717102584  1.0000000000  0.1251554785 -0.2790561137  0.3480906191 -0.3442235202 -0.1132582985
 0.2676213809  0.3687339561  0.4712193198  0.3956395474  0.3930584651  0.5546831303  0.3953765424  0.0162908234 -0.2624851974 -0.1297810286  0.5215168762  0.5205188978  0.3847407446  0.4900924435  0.2461601520  0.3546472272 -0.1557404676 -0.2589398715  0.0172791468  0.1467070035  0.0315282769  0.0242692459 -0.0954648836 -0.4525533777  0.1676523913 -0.3626315163  0.4083025808  0.3161047289 -0.1365258975  0.0147865409 -0.6480039165 -0.5664365640 -0.0471008853 -0.1220131552 -0.0882515838  0.0595617725  0.1251554785  1.0000000000 -0.0937916286 -0.1664828026 -0.0144465178 -0.0563269436
-0.6459623479 -0.2379477137 -0.5059278555 -0.5273403680 -0.4415795743 -0.1769041723 -0.5330054329  0.0929591536 -0.0646772482  0.0406421504  0.0118569992 -0.3649211872  0.3736226281 -0.5283325352 -0.3194010275 -0.3991946995 -0.0704235071 -0.1245797114  0.0843082219  0.2844769914  0.6577917073  0.2097429286 -0.1082411789  0.3845316928  0.5212897278  0.4956752486  0.4813812280 -0.2205158680 -0.1848541746 -0.1477700285 -0.0223875100  0.3534349386  0.0839042194  0.7778297476  0.2177576808 -0.0832975715 -0.2790561137 -0.0937916286  1.0000000000  0.1398343230  0.8546988217  0.4498135745
 0.0273283801 -0.1501842369 -0.1457794789 -0.0497204870 -0.2251966226 -0.2867872247  0.0380527131 -0.1179540560 -0.0394954042  0.1340005389 -0.3770339348 -0.2674371580 -0.1415542178 -0.0221448947 -0.2396893778 -0.0647728718  0.1006213045  0.1899916885 -0.1426609872  0.0349839524 -0.0852017828  0.0664423125 -0.0612073737  0.1640222810 -0.1041285419  0.4742408500 -0.1808518221 -0.1436541378 -0.0653620336  0.0962556002  0.3604046279  0.5837970877  0.4422470798  0.1962697973  0.3123503387  0.2916816525  0.3480906191 -0.1664828026  0.1398343230  1.0000000000  0.0219462579 -0.3235507425
-0.6277519361 -0.1913546348 -0.4561507724 -0.5027254696 -0.5215016888 -0.1610137324 -0.5484211495  0.2650937145 -0.0491076837  0.1821296517  0.0422237767 -0.3017167661  0.2294445343 -0.3724872056 -0.1187573230 -0.2955217133 -0.1429030474 -0.1488413519 -0.0703496248  0.3954319121  0.6050892359  0.2008845327 -0.2992241911  0.2141167532  0.3798808961  0.1357378514  0.3625026264 -0.1305325581 -0.0622729767 -0.2471408349 -0.1851946506  0.2409846556  0.0692129453  0.8741873621  0.1176550874 -0.0943389687 -0.3442235202 -0.0144465178  0.8546988217  0.0219462579  1.0000000000  0.5456361480
-0.4312609615 -0.0790898116 -0.1768747608 -0.3870486611 -0.3713129140  0.0526650163 -0.4469182373  0.3253489957  0.1596129628  0.0953410129  0.0919400207 -0.1515430983  0.0523277454 -0.3316201139 -0.1505053879 -0.3898037196 -0.1559870537 -0.3202422870  0.1851123920  0.4129157819  0.5323625671  0.3221065721 -0.1044622974  0.1881044747  0.0922009637 -0.0579797164  0.1440889814 -0.1365666785 -0.0512401073 -0.1697531415 -0.0526839939 -0.0690134720 -0.3743682770  0.5226542851 -0.1758668648  0.0299774998 -0.1132582985 -0.0563269436  0.4498135745 -0.3235507425  0.5456361480  1.0000000000
