 1.0000000000 -0.1944425578  0.0660905177  0.3008168610  0.2668583408  0.4506359610 -0.2310536589 -0.2966439606  0.1683498013  0.0549526704 -0.4717303739  0.5209412866  0.0270835660  0.1230926196  0.1150258831  0.2196051923  0.2640436979 -0.2797252910 -0.1433698382 -0.1822736381 -0.3272912871 -0.0267698260 -0.1207619891 -0.2525891922 -0.1149497261 -0.1837789775  0.2853236162  0.1370385401 -0.3503554407  0.2755380789  0.1730856041  0.3066218502 -0.0302827708  0.0536542642  0.0778566448  0.0121261816  0.1358893956  0.3256464278  0.0963671375  0.1673746995  0.2383823273  0.1248696568
-0.1944425578  1.0000000000 -0.0420267760 -0.0529728306 -0.0449738003 -0.0688099992  0.1734648867 -0.3653508189  0.1342740797 -0.0871169377  0.2011698112 -0.0988220213 -0.4010834450 -0.0930693584 -0.1687867279 -0.1114402944  0.0645904834 -0.2503247826  0.1493346278 -0.1143343660  0.2053161506  0.1789148342 -0.1699605603  0.0880049766  0.1474217840  0.2900517740  0.0356061871  0.1884556329  0.0162450648 -0.0135049137 -0.1267702557  0.0920344862  0.3429945767  0.1823022646  0.0645518370  0.2725411037  0.0544412975 -0.1805659880  0.0617341645  0.0602425402  0.1997381637  0.2056608151
 0.0660905177 -0.0420267760  1.0000000000  0.0453970605  0.1030800526 -0.1474760184 -0.0834399888 -0.1438786514  0.0615388168  0.0785653061  0.0833316692 -0.1861576416 -0.0645218107  0.2838975495  0.2204348406  0.1406492219 -0.0546294409  0.3654097598 -0.1634611474 -0.0020709550  0.0550119594 -0.0472075079  0.0836699414  0.1038202970 -0.2737268272  0.0592842897  0.0912699439 -0.0575867137 -0.0567760150 -0.1007832985  0.1438410069 -0.0187224970  0.0702592340  0.0488864582  0.0996127631  0.0410266915 -0.0395742751  0.0506531545  0.0826750376 -0.0392042075 -0.1486910569  0.0687685960
 0.3008168610 -0.0529728306  0.0453970605  1.0000000000  0.0298922278  0.2424603038 -0.0887204137 -0.2156512058 -0.1030645118  0.1800526689 -0.0358175847  0.3078665481  0.0299902024 -0.0308086190 -0.0244299345  0.0057440787  0.1989232315 -0.1691686802 -0.0328628197 -0.0300234978 -0.0147490128  0.0446294986 -0.1707196565  0.1123342232  0.0758508621 -0.0001354487  0.0490182322  0.0705848495 -0.3719499002  0.0915521911  0.2033724271  0.2609495120 -0.0988379457  0.1952982319  0.1005532492  0.0361568096  0.2273673309  0.2651639883 -0.0849812917  0.2230023110  0.2963836956  0.2663681394
 0.2668583408 -0.0449738003  0.1030800526  0.0298922278  1.0000000000  0.0650749199 -0.0312802903 -0.0015517790  0.1969289911  0.1769197049 -0.1515479210  0.1851957207 -0.3642200861  0.1768735077  0.0667464352  0.0427607665 -0.0204316913 -0.0723431893 -0.2050121499 -0.1002286416 -0.0394852732  0.1442590826  0.1585827839 -0.0583922348  0.0169841589  0.0362042991  0.1125973748  0.0984407735 -0.0888839013  0.0332530778  0.0985014758  0.2380987803  0.2838757930  0.1539869908  0.0372816588  0.0507188004  0.0514757678  0.1807538031  0.1375424436  0.1178080433  0.2158082853  0.2181245355
 0.4506359610 -0.0688099992 -0.1474760184  0.2424603038  0.0650749199  1.0000000000  0.0522256760 -0.0832516110  0.2538246658 -0.0318795985 -0.2630218459  0.2646989742 -0.1153961829  0.1064708498  0.2036001788  0.2246804607  0.1784808149 -0.0272014739 -0.2266835482 -0.1220096700 -0.1560238847 -0.0221988407 -0.0890954335 -0.2893551309  0.2243814044 -0.2234780679  0.2305132766  0.2824671172 -0.0951159848  0.3951914147  0.1225438918  0.0947283596 -0.0249653222  0.0370826514  0.0738253693 -0.0230809172 -0.1077892399  0.0838557187 -0.0297705050  0.0411205494  0.0962776202  0.0457255225
-0.2310536589  0.1734648867 -0.0834399888 -0.0887204137 -0.0312802903  0.0522256760  1.0000000000  0.0531123222  0.0240007939  0.0879384156  0.1755291173 -0.2618825876 -0.2019480924  0.3123619683 -0.2107133794 -0.2331665951 -0.0495420984  0.0750526555  0.0739353348  0.1792682214  0.2349522853  0.2008254054  0.0910704718  0.1179918215  0.1372025678  0.2948527857 -0.1096471404 -0.1037287505  0.1685357242 -0.0881680306  0.1316693534 -0.0404853187  0.0318830914  0.0561313662  0.1862653647  0.1247298595 -0.1233494487 -0.4245279105  0.0685785211  0.0430624906  0.0335582323  0.1706579419
-0.2966439606 -0.3653508189 -0.1438786514 -0.2156512058 -0.0015517790 -0.0832516110  0.0531123222  1.0000000000  0.0159058015  0.2211884952  0.2668776446 -0.3284422156  0.3537406513 -0.0322762449 -0.2692465306 -0.2822782399 -0.0343141710  0.1982328272  0.1535474468  0.5385475715  0.2972643965  0.1349342392  0.1440540934  0.1662979449  0.2030934234  0.1023641441 -0.0787180521 -0.3313477076  0.0611155310 -0.1268729694 -0.0683794630 -0.2634914138  0.0215147675 -0.0159046173  0.1512855659  0.0347354678 -0.0670514225 -0.1517084408 -0.0502595327  0.0510407734 -0.1880032909 -0.1199156206
 0.1683498013  0.1342740797  0.0615388168 -0.1030645118  0.1969289911  0.2538246658  0.0240007939  0.0159058015  1.0000000000  0.2732483990  0.1173458286  0.0594034307 -0.4041313832  0.0296959137  0.1511940682  0.2273781645  0.4149965879 -0.1730481270  0.0688574593  0.1748866764  0.2988712437  0.4147378762  0.0521411787 -0.2487670701  0.3534168462  0.0328285357  0.6463754507  0.6270680985 -0.2324322100  0.4460868840  0.0259670757  0.1800168021  0.6340549502  0.4263235261  0.2588710900 -0.0511459611 -0.1560598054 -0.0943473159  0.0751579438  0.1853332702  0.0805934616  0.1869976053
 0.0549526704 -0.0871169377  0.0785653061  0.1800526689  0.1769197049 -0.0318795985  0.0879384156  0.2211884952  0.2732483990  1.0000000000 -0.0150795984  0.1155462422 -0.0094849096  0.1614919050 -0.3039214813 -0.2679568742  0.2590134370 -0.2385899064  0.0131385275  0.6968998353  0.5287419146  0.5844036205  0.1086948649  0.5044906964  0.1835648163  0.4524954743  0.1884619656 -0.0162260714 -0.4286592591  0.1298827825  0.5450900248  0.6154620450  0.5181531658  0.5061342220  0.6001750926  0.4057158568  0.2189458922 -0.0039647463  0.1900209416  0.7267087276  0.5293709001  0.6367312865
-0.4717303739  0.2011698112  0.0833316692 -0.0358175847 -0.1515479210 -0.2630218459  0.1755291173  0.2668776446  0.1173458286 -0.0150795984  1.0000000000 -0.4040858564 -0.0921054752  0.0054188401 -0.1696839650 -0.1923551020 -0.1103588978  0.1508162057  0.0890888894  0.1823186487  0.3214299272  0.0579709807  0.0746331567  0.0862657018  0.2180469182  0.2419847632  0.0716068115 -0.0697512936  0.2756586826 -0.0536688042 -0.1471263954 -0.1504249151  0.2001232818  0.1120351894  0.0770480744  0.0887111597 -0.0033219371 -0.2781224044  0.0574908659 -0.0079384638 -0.0668161444 -0.0229746448
 0.5209412866 -0.0988220213 -0.1861576416  0.3078665481  0.1851957207  0.2646989742 -0.2618825876 -0.3284422156  0.0594034307  0.1155462422 -0.4040858564  1.0000000000  0.0314151144  0.0008311878  0.0223762264  0.0870662574  0.1958075020 -0.3395827283 -0.0978612380 -0.1195069471 -0.2251075466  0.0929957460  0.0421736289 -0.2201749898  0.0129153534 -0.2379768652  0.2893636639  0.1747217379 -0.1632456838  0.3041690057  0.1017515123  0.2873359296 -0.0061209645  0.0756673219  0.1068857627  0.0409358927  0.1297030705  0.5692309407  0.0553340247  0.1626087632  0.2902430274  0.1547744936
 0.0270835660 -0.4010834450 -0.0645218107  0.0299902024 -0.3642200861 -0.1153961829 -0.2019480924  0.3537406513 -0.4041313832 -0.0094849096 -0.0921054752  0.0314151144  1.0000000000 -0.0732689300 -0.2059143321 -0.1512256090 -0.0864989870  0.1013110410  0.1242205061  0.2190983579 -0.2084021738 -0.1996067103 -0.0488300800  0.0759077807 -0.3792032014 -0.2925842388 -0.2476706972 -0.5749117809 -0.0165751757 -0.0875354286 -0.0748129296 -0.2539979160 -0.4125704424 -0.3288197287  0.0481945143  0.0101183392 -0.0678767511  0.1745935757 -0.0958433585 -0.0077653476 -0.2333042993 -0.2947685108
 0.1230926196 -0.0930693584  0.2838975495 -0.0308086190  0.1768735077  0.1064708498  0.3123619683 -0.0322762449  0.0296959137  0.1614919050  0.0054188401  0.0008311878 -0.0732689300  1.0000000000  0.1143814392  0.0208818431 -0.1891419484  0.2580053695 -0.3203369548 -0.0227599816 -0.0432663913 -0.1350700824  0.1296563567  0.1016761301 -0.0394871923  0.1724957495 -0.0022775639 -0.0392531772  0.1449287406  0.0618441357  0.2857232234  0.2376347081  0.0587069318 -0.1099078277  0.1273334977  0.0625676896 -0.1401178619  0.1107508180  0.0577617651  0.0404210933  0.0044550672  0.1057323473
 0.1150258831 -0.1687867279  0.2204348406 -0.0244299345  0.0667464352  0.2036001788 -0.2107133794 -0.2692465306  0.1511940682 -0.3039214813 -0.1696839650  0.0223762264 -0.2059143321  0.1143814392  1.0000000000  0.6762501117 -0.3064799453  0.4881550229 -0.2979266626 -0.5789918264 -0.5040929329 -0.4505310973 -0.0584958267 -0.2284073789 -0.2415088866 -0.3073034373 -0.0676390954  0.4159632052  0.2790842398  0.1220186292  0.0613152891 -0.1902919973 -0.1279032497 -0.3662599477 -0.5388212077 -0.4626793007 -0.3580902136  0.0814362394 -0.1772607539 -0.5493406690 -0.4824548708 -0.3690560771
 0.2196051923 -0.1114402944  0.1406492219  0.0057440787  0.0427607665  0.2246804607 -0.2331665951 -0.2822782399  0.2273781645 -0.2679568742 -0.1923551020  0.0870662574 -0.1512256090  0.0208818431  0.6762501117  1.0000000000  0.0940845566  0.0854199594 -0.0583006261 -0.4348541968 -0.4130713902 -0.5033097757 -0.0813324135 -0.1636076057 -0.1941103344 -0.4578905305  0.1375162429  0.5861289929 -0.0030206470  0.4288995515 -0.1155759970 -0.2971526482 -0.1663025657 -0.3917545731 -0.5306028589 -0.5107747548 -0.5133886619  0.0016214731 -0.2090784795 -0.4115700382 -0.4696964917 -0.4003020576
 0.2640436979  0.0645904834 -0.0546294409  0.1989232315 -0.0204316913  0.1784808149 -0.0495420984 -0.0343141710  0.4149965879  0.2590134370 -0.1103588978  0.1958075020 -0.0864989870 -0.1891419484 -0.3064799453  0.0940845566  1.0000000000 -0.5045857145  0.5074066865  0.3015057069  0.4316985439  0.3518281077 -0.0900952308  0.0069515325  0.3959753620  0.0051878720  0.4618034553  0.4699501773 -0.6482781216  0.2856951251 -0.2262969952  0.0823623392  0.1490830387  0.4343502402  0.3132916006  0.0670365656  0.0104498344 -0.0638859941  0.0227006849  0.2946189425  0.2436346551  0.3027629858
-0.2797252910 -0.2503247826  0.3654097598 -0.1691686802 -0.0723431893 -0.0272014739  0.0750526555  0.1982328272 -0.1730481270 -0.2385899064  0.1508162057 -0.3395827283  0.1013110410  0.2580053695  0.4881550229  0.0854199594 -0.5045857145  1.0000000000 -0.3145384440 -0.1674200747 -0.2829019352 -0.4063814685  0.0568770904 -0.0943941465 -0.1750022601 -0.0116214546 -0.2911368869 -0.2350353244  0.5115146566 -0.1903400721  0.1293170330 -0.2964699239 -0.2072614465 -0.2345757095 -0.1945763473 -0.1464980054 -0.2085512074 -0.1259282149  0.1096129747 -0.4221757808 -0.4017810089 -0.2459781639
-0.1433698382  0.1493346278 -0.1634611474 -0.0328628197 -0.2050121499 -0.2266835482  0.0739353348  0.1535474468  0.0688574593  0.0131385275  0.0890888894 -0.0978612380  0.1242205061 -0.3203369548 -0.2979266626 -0.0583006261  0.5074066865 -0.3145384440  1.0000000000  0.2829548885  0.3184444552  0.3220008670 -0.0907464323  0.2649763652  0.0862766767  0.0737844679  0.1645482859  0.0968668726 -0.1801709562 -0.2527905011 -0.4900529737 -0.2980582826  0.0649558275  0.1240234786  0.0309211907  0.1381692581  0.1147160926 -0.1065063778 -0.2629688810 -0.0999067875 -0.0282823163 -0.0586555602
-0.1822736381 -0.1143343660 -0.0020709550 -0.0300234978 -0.1002286416 -0.1220096700  0.1792682214  0.5385475715  0.1748866764  0.6968998353  0.1823186487 -0.1195069471  0.2190983579 -0.0227599816 -0.5789918264 -0.4348541968  0.3015057069 -0.1674200747  0.2829548885  1.0000000000  0.7016898369  0.5930005676  0.0417476865  0.4383417439  0.2415768294  0.3301988380  0.2167398540 -0.2016545832 -0.3328467589 -0.0353308416  0.1458791625  0.1426797740  0.3306584599  0.4453359305  0.5695212873  0.4443868792  0.1864920825 -0.0940653357  0.1774315922  0.5677766841  0.3320022210  0.3715146744
-0.3272912871  0.2053161506  0.0550119594 -0.0147490128 -0.0394852732 -0.1560238847  0.2349522853  0.2972643965  0.2988712437  0.5287419146  0.3214299272 -0.2251075466 -0.2084021738 -0.0432663913 -0.5040929329 -0.4130713902  0.4316985439 -0.2829019352  0.3184444552  0.7016898369  1.0000000000  0.7036390415  0.1283187118  0.5094190966  0.5276198455  0.5930246474  0.2625462788  0.1028055945 -0.4642584354 -0.1309483326  0.0558827036  0.2473953668  0.3604233961  0.6869458740  0.5914912751  0.4218191289  0.3301002723 -0.2548346092  0.2308041035  0.5644281978  0.4493046796  0.5726639072
-0.0267698260  0.1789148342 -0.0472075079  0.0446294986  0.1442590826 -0.0221988407  0.2008254054  0.1349342392  0.4147378762  0.5844036205  0.0579709807  0.0929957460 -0.1996067103 -0.1350700824 -0.4505310973 -0.5033097757  0.3518281077 -0.4063814685  0.3220008670  0.5930005676  0.7036390415  1.0000000000  0.0513198405  0.2306172858  0.3019557208  0.4653518939  0.3150823337  0.0405685048 -0.4052482566 -0.1105328329  0.1522875862  0.4005950024  0.5246436855  0.6725754999  0.7225010203  0.5860111319  0.4012840989  0.0147462450  0.0435834609  0.5336102273  0.5667849227  0.6700298953
-0.1207619891 -0.1699605603  0.0836699414 -0.1707196565  0.1585827839 -0.0890954335  0.0910704718  0.1440540934  0.0521411787  0.1086948649  0.0746331567  0.0421736289 -0.0488300800  0.1296563567 -0.0584958267 -0.0813324135 -0.0900952308  0.0568770904 -0.0907464323  0.0417476865  0.1283187118  0.0513198405  1.0000000000 -0.0300228445  0.1766242752  0.1100284775  0.1150195966 -0.1297885509  0.1164659464 -0.0159851635  0.0339390915  0.0956391950 -0.0063278452  0.0925690714  0.0804712513 -0.0306490269  0.0736095361  0.1159973310  0.2709768740  0.0337369578  0.0676955693  0.0852525307
-0.2525891922  0.0880049766  0.1038202970  0.1123342232 -0.0583922348 -0.2893551309  0.1179918215  0.1662979449 -0.2487670701  0.5044906964  0.0862657018 -0.2201749898  0.0759077807  0.1016761301 -0.2284073789 -0.1636076057  0.0069515325 -0.0943941465  0.2649763652  0.4383417439  0.5094190966  0.2306172858 -0.0300228445  1.0000000000  0.0078959368  0.6024875942 -0.2142438665 -0.1566382225 -0.3020530311 -0.3256678069  0.3035546188  0.2341191544  0.0321142771  0.2570554985  0.1535407836  0.3581921270  0.3514482042 -0.2031040327  0.1600828392  0.4205825500  0.2872527981  0.3705878004
-0.1149497261  0.1474217840 -0.2737268272  0.0758508621  0.0169841589  0.2243814044  0.1372025678  0.2030934234  0.3534168462  0.1835648163  0.2180469182  0.0129153534 -0.3792032014 -0.0394871923 -0.2415088866 -0.1941103344  0.3959753620 -0.1750022601  0.0862766767  0.2415768294  0.5276198455  0.3019557208  0.1766242752  0.0078959368  1.0000000000  0.3348359893  0.4003581979  0.4082795688 -0.1467638161  0.2672090658 -0.0349935138  0.0577968617  0.1379741687  0.5512305400  0.2742751257 -0.0125322950  0.1082203509 -0.1137009528  0.1556600059  0.1754269091  0.3923945216  0.4064822560
-0.1837789775  0.2900517740  0.0592842897 -0.0001354487  0.0362042991 -0.2234780679  0.2948527857  0.1023641441  0.0328285357  0.4524954743  0.2419847632 -0.2379768652 -0.2925842388  0.1724957495 -0.3073034373 -0.4578905305  0.0051878720 -0.0116214546  0.0737844679  0.3301988380  0.5930246474  0.4653518939  0.1100284775  0.6024875942  0.3348359893  1.0000000000 -0.0304107616 -0.1508716153 -0.1869311344 -0.3376818986  0.3861387849  0.4683705974  0.2502518524  0.5439140581  0.4197236996  0.5040274255  0.5323771889 -0.3231477924  0.3802646415  0.4864644004  0.5892822221  0.6833179629
 0.2853236162  0.0356061871  0.0912699439  0.0490182322  0.1125973748  0.2305132766 -0.1096471404 -0.0787180521  0.6463754507  0.1884619656  0.0716068115  0.2893636639 -0.2476706972 -0.0022775639 -0.0676390954  0.1375162429  0.4618034553 -0.2911368869  0.1645482859  0.2167398540  0.2625462788  0.3150823337  0.1150195966 -0.2142438665  0.4003581979 -0.0304107616  1.0000000000  0.4841298061 -0.2789563981  0.3368749699 -0.2169515758  0.0989113355  0.3510694796  0.4598744084  0.2258859842  0.0334338933  0.1122016077  0.1168306029  0.1015854999  0.1630711085  0.3269478540  0.1941168181
 0.1370385401  0.1884556329 -0.0575867137  0.0705848495  0.0984407735  0.2824671172 -0.1037287505 -0.3313477076  0.6270680985 -0.0162260714 -0.0697512936  0.1747217379 -0.5749117809 -0.0392531772  0.4159632052  0.5861289929  0.4699501773 -0.2350353244  0.0968668726 -0.2016545832  0.1028055945  0.0405685048 -0.1297885509 -0.1566382225  0.4082795688 -0.1508716153  0.4841298061  1.0000000000 -0.2154131225  0.4960627198 -0.1879840448 -0.0132096207  0.2493519488  0.2026418527 -0.1154130797 -0.2762556484 -0.2366793985 -0.0359307695 -0.1649227739 -0.1201257563 -0.0221275696  0.0604489408
-0.3503554407  0.0162450648 -0.0567760150 -0.3719499002 -0.0888839013 -0.0951159848  0.1685357242  0.0611155310 -0.2324322100 -0.4286592591  0.2756586826 -0.1632456838 -0.0165751757  0.1449287406  0.2790842398 -0.0030206470 -0.6482781216  0.5115146566 -0.1801709562 -0.3328467589 -0.4642584354 -0.4052482566  0.1164659464 -0.3020530311 -0.1467638161 -0.1869311344 -0.2789563981 -0.2154131225  1.0000000000  0.0037442543 -0.0933667165 -0.3729273919 -0.1011951946 -0.4947463078 -0.3720261553 -0.1245589251 -0.3263796356  0.0383548563 -0.1464438569 -0.6245930856 -0.4190194598 -0.4607378641
 0.2755380789 -0.0135049137 -0.1007832985  0.0915521911  0.0332530778  0.3951914147 -0.0881680306 -0.1268729694  0.4460868840  0.1298827825 -0.0536688042  0.3041690057 -0.0875354286  0.0618441357  0.1220186292  0.4288995515  0.2856951251 -0.1903400721 -0.2527905011 -0.0353308416 -0.1309483326 -0.1105328329 -0.0159851635 -0.3256678069  0.2672090658 -0.3376818986  0.3368749699  0.4960627198  0.0037442543  1.0000000000  0.1237948482  0.0818164780  0.1136955499 -0.0374801257  0.0622061458 -0.1487039547 -0.4172605830  0.1661049853 -0.0177702048  0.0774230927 -0.0136848602  0.0071459788
 0.1730856041 -0.1267702557  0.1438410069  0.2033724271  0.0985014758  0.1225438918  0.1316693534 -0.0683794630  0.0259670757  0.5450900248 -0.1471263954  0.1017515123 -0.0748129296  0.2857232234  0.0613152891 -0.1155759970 -0.2262969952  0.1293170330 -0.4900529737  0.1458791625  0.0558827036  0.1522875862  0.0339390915  0.3035546188 -0.0349935138  0.3861387849 -0.2169515758 -0.1879840448 -0.0933667165  0.1237948482  1.0000000000  0.6532877018  0.1730820955  0.1716408182  0.2394859339  0.1766771635  0.1007950186  0.0123593817  0.3212252469  0.5157148073  0.3263992029  0.4260177578
 0.3066218502  0.0920344862 -0.0187224970  0.2609495120  0.2380987803  0.0947283596 -0.0404853187 -0.2634914138  0.1800168021  0.6154620450 -0.1504249151  0.2873359296 -0.2539979160  0.2376347081 -0.1902919973 -0.2971526482  0.0823623392 -0.2964699239 -0.2980582826  0.1426797740  0.2473953668  0.4005950024  0.0956391950  0.2341191544  0.0577968617  0.4683705974  0.0989113355 -0.0132096207 -0.3729273919  0.0818164780  0.6532877018  1.0000000000  0.4516404742  0.4519530627  0.4635067687  0.4155371980  0.4407764467  0.0798215231  0.3072592582  0.7600267923  0.6796506884  0.6458184315
-0.0302827708  0.3429945767  0.0702592340 -0.0988379457  0.2838757930 -0.0249653222  0.0318830914  0.0215147675  0.6340549502  0.5181531658  0.2001232818 -0.0061209645 -0.4125704424  0.0587069318 -0.1279032497 -0.1663025657  0.1490830387 -0.2072614465  0.0649558275  0.3306584599  0.3604233961  0.5246436855 -0.0063278452  0.0321142771  0.1379741687  0.2502518524  0.3510694796  0.2493519488 -0.1011951946  0.1136955499  0.1730820955  0.4516404742  1.0000000000  0.4211181823  0.3449804621  0.2646377482  0.0645428281 -0.0559432021  0.0714377901  0.3990987874  0.2969017460  0.2983433586
 0.0536542642  0.1823022646  0.0488864582  0.1952982319  0.1539869908  0.0370826514  0.0561313662 -0.0159046173  0.4263235261  0.5061342220  0.1120351894  0.0756673219 -0.3288197287 -0.1099078277 -0.3662599477 -0.3917545731  0.4343502402 -0.2345757095  0.1240234786  0.4453359305  0.6869458740  0.6725754999  0.0925690714  0.2570554985  0.5512305400  0.5439140581  0.4598744084  0.2026418527 -0.4947463078 -0.0374801257  0.1716408182  0.4519530627  0.4211181823  1.0000000000  0.5985651786  0.4098298338  0.5494421730 -0.0810444558  0.4476300901  0.6045358651  0.7246919706  0.7484204162
 0.0778566448  0.0645518370  0.0996127631  0.1005532492  0.0372816588  0.0738253693  0.1862653647  0.1512855659  0.2588710900  0.6001750926  0.0770480744  0.1068857627  0.0481945143  0.1273334977 -0.5388212077 -0.5306028589  0.3132916006 -0.1945763473  0.0309211907  0.5695212873  0.5914912751  0.7225010203  0.0804712513  0.1535407836  0.2742751257  0.4197236996  0.2258859842 -0.1154130797 -0.3720261553  0.0622061458  0.2394859339  0.4635067687  0.3449804621  0.5985651786  1.0000000000  0.6405274198  0.3157246994 -0.0373529932  0.2239762915  0.6147383053  0.5602361229  0.7430530421
 0.0121261816  0.2725411037  0.0410266915  0.0361568096  0.0507188004 -0.0230809172  0.1247298595  0.0347354678 -0.0511459611  0.4057158568  0.0887111597  0.0409358927  0.0101183392  0.0625676896 -0.4626793007 -0.5107747548  0.0670365656 -0.1464980054  0.1381692581  0.4443868792  0.4218191289  0.5860111319 -0.0306490269  0.3581921270 -0.0125322950  0.5040274255  0.0334338933 -0.2762556484 -0.1245589251 -0.1487039547  0.1766771635  0.4155371980  0.2646377482  0.4098298338  0.6405274198  1.0000000000  0.5440235634  0.0181508434  0.1983564079  0.4574726754  0.5908120702  0.6099122517
 0.1358893956  0.0544412975 -0.0395742751  0.2273673309  0.0514757678 -0.1077892399 -0.1233494487 -0.0670514225 -0.1560598054  0.2189458922 -0.0033219371  0.1297030705 -0.0678767511 -0.1401178619 -0.3580902136 -0.5133886619  0.0104498344 -0.2085512074  0.1147160926  0.1864920825  0.3301002723  0.4012840989  0.0736095361  0.3514482042  0.1082203509  0.5323771889  0.1122016077 -0.2366793985 -0.3263796356 -0.4172605830  0.1007950186  0.4407764467  0.0645428281  0.5494421730  0.3157246994  0.5440235634  1.0000000000  0.0405883687  0.3150333618  0.4749483769  0.6835218706  0.4998896814
 0.3256464278 -0.1805659880  0.0506531545  0.2651639883  0.1807538031  0.0838557187 -0.4245279105 -0.1517084408 -0.0943473159 -0.0039647463 -0.2781224044  0.5692309407  0.1745935757  0.1107508180  0.0814362394  0.0016214731 -0.0638859941 -0.1259282149 -0.1065063778 -0.0940653357 -0.2548346092  0.0147462450  0.1159973310 -0.2031040327 -0.1137009528 -0.3231477924  0.1168306029 -0.0359307695  0.0383548563  0.1661049853  0.0123593817  0.0798215231 -0.0559432021 -0.0810444558 -0.0373529932  0.0181508434  0.0405883687  1.0000000000 -0.1893329299 -0.0347148420  0.0502737651 -0.0674190267
 0.0963671375  0.0617341645  0.0826750376 -0.0849812917  0.1375424436 -0.0297705050  0.0685785211 -0.0502595327  0.0751579438  0.1900209416  0.0574908659  0.0553340247 -0.0958433585  0.0577617651 -0.1772607539 -0.2090784795  0.0227006849  0.1096129747 -0.2629688810  0.1774315922  0.2308041035  0.0435834609  0.2709768740  0.1600828392  0.1556600059  0.3802646415  0.1015854999 -0.1649227739 -0.1464438569 -0.0177702048  0.3212252469  0.3072592582  0.0714377901  0.4476300901  0.2239762915  0.1983564079  0.3150333618 -0.1893329299  1.0000000000  0.4227362357  0.4099273600  0.3216445726
 0.1673746995  0.0602425402 -0.0392042075  0.2230023110  0.1178080433  0.0411205494  0.0430624906  0.0510407734  0.1853332702  0.7267087276 -0.0079384638  0.1626087632 -0.0077653476  0.0404210933 -0.5493406690 -0.4115700382  0.2946189425 -0.4221757808 -0.0999067875  0.5677766841  0.5644281978  0.5336102273  0.0337369578  0.4205825500  0.1754269091  0.4864644004  0.1630711085 -0.1201257563 -0.6245930856  0.0774230927  0.5157148073  0.7600267923  0.3990987874  0.6045358651  0.6147383053  0.4574726754  0.4749483769 -0.0347148420  0.4227362357  1.0000000000  0.6760836598  0.6433225099
 0.2383823273  0.1997381637 -0.1486910569  0.2963836956  0.2158082853  0.0962776202  0.0335582323 -0.1880032909  0.0805934616  0.5293709001 -0.0668161444  0.2902430274 -0.2333042993  0.0044550672 -0.4824548708 -0.4696964917  0.2436346551 -0.4017810089 -0.0282823163  0.3320022210  0.4493046796  0.5667849227  0.0676955693  0.2872527981  0.3923945216  0.5892822221  0.3269478540 -0.0221275696 -0.4190194598 -0.0136848602  0.3263992029  0.6796506884  0.2969017460  0.7246919706  0.5602361229  0.5908120702  0.6835218706  0.0502737651  0.4099273600  0.6760836598  1.0000000000  0.8247511171
 0.1248696568  0.2056608151  0.0687685960  0.2663681394  0.2181245355  0.0457255225  0.1706579419 -0.1199156206  0.1869976053  0.6367312865 -0.0229746448  0.1547744936 -0.2947685108  0.1057323473 -0.3690560771 -0.4003020576  0.3027629858 -0.2459781639 -0.0586555602  0.3715146744  0.5726639072  0.6700298953  0.0852525307  0.3705878004  0.4064822560  0.6833179629  0.1941168181  0.0604489408 -0.4607378641  0.0071459788  0.4260177578  0.6458184315  0.2983433586  0.7484204162  0.7430530421  0.6099122517  0.4998896814 -0.0674190267  0.3216445726  0.6433225099  0.8247511171  1.0000000000
