 1.0000000000  0.8155247966  0.8724157824  0.6391986266  0.5187386444  0.5263812254  0.6574437088 -0.4179820941 -0.0515465502 -0.5394868650  0.2782313161  0.2022935603 -0.1188236311  0.5550232390  0.5912685758  0.2256609434  0.0331891770 -0.3017765283 -0.2504188700 -0.5357950100  0.4072569004 -0.0377504112 -0.6351438213 -0.5052171597 -0.5753364650 -0.1089513741  0.1421312251  0.0133199228 -0.2243898382 -0.0653424124 -0.1469158187  0.0844392472  0.2269232156 -0.0404247308  0.0206420092  0.0497143941  0.2515789067  0.1423613250 -0.0531794971  0.1475101224  0.4218051554  0.1162279276
 0.8155247966  1.0000000000  0.7173171992  0.8711781735  0.6757860072  0.7593053099  0.6958993064 -0.3241962808 -0.1654040041 -0.4369166486  0.4327559958  0.2431495323 -0.1228063561  0.6290502449  0.6142250923  0.3355231777  0.0834186740 -0.2391885439 -0.1098690933 -0.4950605366  0.3334201298  0.0232201954 -0.5089929025 -0.2951330557 -0.4154840588  0.1972052550  0.2170832771  0.0373026559  0.0281884266  0.0613535791 -0.0730648835 -0.0377030846  0.1399483940 -0.2193602731  0.1874801112 -0.1030704679  0.0595451617  0.0174958441  0.1551052594  0.0768121484  0.0901240632  0.0147235841
 0.8724157824  0.7173171992  1.0000000000  0.5484222628  0.4899974162  0.4336712389  0.6048631071 -0.3027799450 -0.0733043621 -0.4555930507  0.1794766138  0.1801004084 -0.1400193105  0.4564312064  0.4351958082  0.1828814962  0.0738326081 -0.2554232522 -0.2416799822 -0.4931828288  0.3031266825  0.1146924006 -0.6154875340 -0.3748160210 -0.5071298708 -0.1126446174  0.1509409799  0.1555877487 -0.2982826738 -0.0196203847 -0.0276821056  0.1679114016  0.3630028327  0.0833743826  0.0138127558  0.2055338093  0.3053230996  0.0321635459  0.0878740370  0.3090324014  0.3907566438  0.1998078257
 0.6391986266  0.8711781735  0.5484222628  1.0000000000  0.7026452025  0.6935521235  0.7140885009 -0.3458868250 -0.1904942501 -0.5181631140  0.4630369298  0.2454886445 -0.0641984570  0.6929460178  0.5599836392  0.3762331607 -0.0826610925 -0.3756680932 -0.2351614077 -0.5089548086  0.3990923928  0.1100735708 -0.4298241336 -0.3431854469 -0.2115773085  0.2792115377  0.3735756690  0.1320333174  0.1962460704  0.1618574872 -0.0607920948 -0.0712150946  0.2433616452 -0.1502582985  0.2881246589  0.0475067893  0.1218329429 -0.0803736759  0.1912851464  0.1246551784  0.0442223713 -0.0746437978
 0.5187386444  0.6757860072  0.4899974162  0.7026452025  1.0000000000  0.5740989405  0.6766241744 -0.2670652015 -0.2865752037 -0.3221564163  0.2894923535  0.2131853673 -0.3634547761  0.6733116209  0.5280717853  0.4479820732 -0.0400884928 -0.3148259182 -0.2296025688 -0.4284144511  0.1882796959  0.2572670640 -0.4443191516 -0.1725826475 -0.1232658279  0.2274398912  0.3956496598  0.2458208810  0.2361620490  0.1635401764  0.0301396936 -0.0343328077  0.3612377823  0.0178669419  0.2772446518 -0.0037679962 -0.0609253080 -0.2792092934  0.2052298054  0.2048660669 -0.0630204283 -0.1789145485
 0.5263812254  0.7593053099  0.4336712389  0.6935521235  0.5740989405  1.0000000000  0.6416597297 -0.2519423182 -0.0692231849 -0.3644386439  0.4869611259  0.3920350306  0.0878471014  0.4919705462  0.5987406789  0.3053645440  0.0233464948 -0.2794823545 -0.1220064861 -0.4034771225  0.0280870957 -0.1515638530 -0.3846074529 -0.2451674229 -0.2602331913  0.3809799429  0.0441410930 -0.0851598733  0.1582980481 -0.0905433705 -0.2526109469 -0.2539993049 -0.1599409736 -0.4821338909  0.2391580455 -0.1588794871  0.0016779003  0.0864429319  0.1500560205 -0.1268954451  0.0496885244  0.0681379302
 0.6574437088  0.6958993064  0.6048631071  0.7140885009  0.6766241744  0.6416597297  1.0000000000 -0.1049816656  0.0910736772 -0.3189134509  0.4824379031  0.6009855708 -0.0008818264  0.7180286524  0.7302120230  0.5594333804 -0.0198404532 -0.3554465550 -0.2221965932 -0.3489968472  0.3377873610  0.1253845573 -0.3769912064 -0.1492228900 -0.3166290851  0.2768731414  0.3500839402  0.3646569606  0.0468282016  0.2482676905  0.0413277799 -0.0153824749  0.3829840562 -0.0501918538  0.0958688474  0.2579386330  0.2699414477 -0.0594611065  0.3451873171  0.2267145105  0.0825630179  0.0015026305
-0.4179820941 -0.3241962808 -0.3027799450 -0.3458868250 -0.2670652015 -0.2519423182 -0.1049816656  1.0000000000  0.3268017020  0.8355852124 -0.0194572988 -0.0031142756  0.2824351232 -0.2993512744 -0.2831896120  0.0427167728  0.2304110434  0.5186534476  0.4857662739  0.7634553440 -0.0041067326  0.4304030073  0.5343717825  0.7360049484  0.3711769677  0.2121205266  0.0315509957  0.3605260292  0.1304448237  0.3290637347  0.4396896065  0.1404261914 -0.0027059823  0.2088125002 -0.2587730101  0.1688294322 -0.0922213605 -0.2294922866  0.3845334142  0.0452413569 -0.4716169320 -0.1451175944
-0.0515465502 -0.1654040041 -0.0733043621 -0.1904942501 -0.2865752037 -0.0692231849  0.0910736772  0.3268017020  1.0000000000  0.3100252869  0.0489160483  0.3772357400  0.3670881724 -0.1956533490 -0.0593557061 -0.1740059669 -0.0930291107  0.0277789133  0.0199032014  0.3724959238  0.2757325587 -0.1948237881  0.3860229600 -0.0312545645  0.0455667750 -0.1076269783 -0.1617604122  0.0306903134 -0.1315102265 -0.1136233268 -0.1211561677 -0.0321963494 -0.2083628308 -0.0782848805 -0.2495899130  0.2445839806  0.1961168058  0.2633295456 -0.1425885160 -0.1508921087  0.2033679841  0.2015556607
-0.5394868650 -0.4369166486 -0.4555930507 -0.5181631140 -0.3221564163 -0.3644386439 -0.3189134509  0.8355852124  0.3100252869  1.0000000000 -0.2266680357 -0.1478623476  0.0936341149 -0.4089044618 -0.3877846660 -0.0792389502  0.1848483196  0.5907847895  0.4996973433  0.8746291252 -0.0829565791  0.3522614044  0.6862139809  0.7763416212  0.4986734987  0.0642027812 -0.1035894485  0.1649050144  0.1649208669  0.2113932122  0.3667700706  0.1754976827 -0.1402287864  0.2046872834 -0.3057771974 -0.1381593997 -0.3381883852 -0.1635681355  0.2067386356 -0.0517606804 -0.5487141607 -0.1642770923
 0.2782313161  0.4327559958  0.1794766138  0.4630369298  0.2894923535  0.4869611259  0.4824379031 -0.0194572988  0.0489160483 -0.2266680357  1.0000000000  0.5843267897  0.1620166508  0.6775061494  0.6992072519  0.5808219819  0.3625369981  0.1653456578  0.3235352669 -0.2308672946  0.0871913855 -0.2927786334 -0.2278597946 -0.0664773881 -0.4050318987  0.2868808566  0.0061380125 -0.0624865992  0.0123562145  0.1508064740 -0.0202578095 -0.1183995952 -0.0727156739 -0.2680054968 -0.1282707184 -0.1267857253 -0.0824170384  0.2105132421  0.2799520315 -0.0949456472 -0.0066586059  0.0947197744
 0.2022935603  0.2431495323  0.1801004084  0.2454886445  0.2131853673  0.3920350306  0.6009855708 -0.0031142756  0.3772357400 -0.1478623476  0.5843267897  1.0000000000  0.2569076286  0.4906515964  0.5924719499  0.5599298190  0.0985708499 -0.0710111466  0.0268272063 -0.0447916646  0.1734536240 -0.1882188226 -0.0080611636  0.0468618618 -0.2716773203  0.2301000198  0.0444255991  0.2687003867 -0.0738750872  0.2526616585  0.1136633426  0.0847735842  0.0387492935 -0.0406662597 -0.3202954406  0.2157155249  0.2516114573  0.1339616400  0.2803693260  0.1260505558  0.1590400069  0.2833290124
-0.1188236311 -0.1228063561 -0.1400193105 -0.0641984570 -0.3634547761  0.0878471014 -0.0008818264  0.2824351232  0.3670881724  0.0936341149  0.1620166508  0.2569076286  1.0000000000 -0.0945644542 -0.0033856870  0.0691938418  0.0260821573  0.0480140421  0.0873238125  0.1619713827  0.0079789003 -0.0652400451  0.1405166115  0.0896016773  0.0238173258  0.3830542319  0.0615902465  0.0063774870  0.1158227897  0.0273576179  0.1009904926 -0.0786036817 -0.2190921997 -0.1640712729 -0.1807109813  0.2837157199  0.2193098994  0.2369386123  0.0880022230 -0.2281006572  0.0353818363  0.1133932784
 0.5550232390  0.6290502449  0.4564312064  0.6929460178  0.6733116209  0.4919705462  0.7180286524 -0.2993512744 -0.1956533490 -0.4089044618  0.6775061494  0.4906515964 -0.0945644542  1.0000000000  0.8706459104  0.7606564942  0.2067409644 -0.1282268021 -0.0095675893 -0.4383264250  0.3342477077  0.0935167351 -0.5201312481 -0.1995175927 -0.3771403567  0.1649812260  0.3165297218  0.1977439229 -0.0119376399  0.2433132268  0.0790166349  0.1557284852  0.3752991159  0.0498326831 -0.0544884897 -0.0274577385  0.0444723134 -0.0315447864  0.2909983407  0.2371857895  0.0724477887 -0.0191647858
 0.5912685758  0.6142250923  0.4351958082  0.5599836392  0.5280717853  0.5987406789  0.7302120230 -0.2831896120 -0.0593557061 -0.3877846660  0.6992072519  0.5924719499 -0.0033856870  0.8706459104  1.0000000000  0.7126036646  0.1683123454 -0.1562123922 -0.0279236032 -0.4340228342  0.2128728610 -0.1457027055 -0.5263419508 -0.2067664563 -0.5090598391  0.1491104193  0.1541411113  0.0543060031 -0.0510970363  0.1198563892 -0.0530790981 -0.0190082199  0.1756718182 -0.2142434798 -0.0195982196 -0.1183557850  0.0636969988  0.1396456933  0.1841598163  0.0505396340  0.0937216032  0.0201163912
 0.2256609434  0.3355231777  0.1828814962  0.3762331607  0.4479820732  0.3053645440  0.5594333804  0.0427167728 -0.1740059669 -0.0792389502  0.5808219819  0.5599298190  0.0691938418  0.7606564942  0.7126036646  1.0000000000  0.1704577331 -0.0236986111  0.0956132729 -0.0858134515  0.1615737989  0.2419271125 -0.1561452597  0.2642601194 -0.1323235037  0.4399014039  0.4387899929  0.5075486389  0.1869657476  0.6329263681  0.4942205831  0.2792746779  0.4220791669  0.1317249074 -0.2318619152  0.0518916129 -0.0258867739 -0.1857820317  0.5668992648  0.2949236091 -0.2711255308 -0.2084157786
 0.0331891770  0.0834186740  0.0738326081 -0.0826610925 -0.0400884928  0.0233464948 -0.0198404532  0.2304110434 -0.0930291107  0.1848483196  0.3625369981  0.0985708499  0.0260821573  0.2067409644  0.1683123454  0.1704577331  1.0000000000  0.7875451939  0.8547848696  0.1109281198  0.1617097372  0.0005786266 -0.2143365097  0.1942949577 -0.3965338780  0.0002579112 -0.3948506712 -0.1859560538 -0.5249670776 -0.1477155523 -0.0034527121  0.0777467787 -0.1823776320  0.0671446083 -0.2581545694 -0.4143254529 -0.2984823174  0.1888157632  0.1457892722 -0.2081198742 -0.0279453237  0.1683259399
-0.3017765283 -0.2391885439 -0.2554232522 -0.3756680932 -0.3148259182 -0.2794823545 -0.3554465550  0.5186534476  0.0277789133  0.5907847895  0.1653456578 -0.0710111466  0.0480140421 -0.1282268021 -0.1562123922 -0.0236986111  0.7875451939  1.0000000000  0.9382777498  0.5329883763  0.0445492239  0.0671341285  0.2470413943  0.4544458924 -0.0167493854 -0.0946862984 -0.4588714296 -0.2106805459 -0.3051144294 -0.0961789824  0.1316724382  0.1851580625 -0.3689723067  0.2193345072 -0.4630504417 -0.4478218863 -0.4415228678  0.1140306809  0.0582732487 -0.2471706130 -0.2113569382  0.1605428159
-0.2504188700 -0.1098690933 -0.2416799822 -0.2351614077 -0.2296025688 -0.1220064861 -0.2221965932  0.4857662739  0.0199032014  0.4996973433  0.3235352669  0.0268272063  0.0873238125 -0.0095675893 -0.0279236032  0.0956132729  0.8547848696  0.9382777498  1.0000000000  0.4418753652  0.0580941150 -0.0048279577  0.1966431714  0.4459960018 -0.0849544179  0.1186087999 -0.4381079403 -0.2293697845 -0.2338537404 -0.0818799210  0.0904845614  0.0348864450 -0.3810830556  0.0288341933 -0.3516283585 -0.4994840330 -0.4968961965  0.1660949155  0.0907567791 -0.3616396711 -0.2949055485  0.0922570276
-0.5357950100 -0.4950605366 -0.4931828288 -0.5089548086 -0.4284144511 -0.4034771225 -0.3489968472  0.7634553440  0.3724959238  0.8746291252 -0.2308672946 -0.0447916646  0.1619713827 -0.4383264250 -0.4340228342 -0.0858134515  0.1109281198  0.5329883763  0.4418753652  1.0000000000  0.0663843490  0.3428017301  0.8074438099  0.6498143706  0.5862087834 -0.0351973048 -0.1583706863  0.2459467037  0.1675411021  0.2644336500  0.4154602009  0.3529419440 -0.1468324536  0.3317776819 -0.4749130936 -0.0642355403 -0.2440741140 -0.1007948454  0.1153981665  0.0312080495 -0.3773682524 -0.0717104953
 0.4072569004  0.3334201298  0.3031266825  0.3990923928  0.1882796959  0.0280870957  0.3377873610 -0.0041067326  0.2757325587 -0.0829565791  0.0871913855  0.1734536240  0.0079789003  0.3342477077  0.2128728610  0.1615737989  0.1617097372  0.0445492239  0.0580941150  0.0663843490  1.0000000000  0.2455988929 -0.1225794501 -0.2307486243 -0.1203230096 -0.1983895336  0.0440809746  0.2362859652 -0.2612557149  0.1039239128  0.0395248095  0.3481014770  0.1617437933  0.3676953075 -0.2307942885  0.0934910254  0.1682941041  0.0484452707 -0.0806225984  0.0898146123  0.2443145941  0.1468403586
-0.0377504112  0.0232201954  0.1146924006  0.1100735708  0.2572670640 -0.1515638530  0.1253845573  0.4304030073 -0.1948237881  0.3522614044 -0.2927786334 -0.1882188226 -0.0652400451  0.0935167351 -0.1457027055  0.2419271125  0.0005786266  0.0671341285 -0.0048279577  0.3428017301  0.2455988929  1.0000000000  0.1263294854  0.3891411947  0.4351888734  0.1003745293  0.5326939843  0.6602049933  0.1625144407  0.4866195882  0.6013020471  0.4730717932  0.6497676600  0.6019509547 -0.0141999693  0.2937045970  0.0130995849 -0.5331065864  0.4752335109  0.5317557431 -0.4080252337 -0.4009792698
-0.6351438213 -0.5089929025 -0.6154875340 -0.4298241336 -0.4443191516 -0.3846074529 -0.3769912064  0.5343717825  0.3860229600  0.6862139809 -0.2278597946 -0.0080611636  0.1405166115 -0.5201312481 -0.5263419508 -0.1561452597 -0.2143365097  0.2470413943  0.1966431714  0.8074438099 -0.1225794501  0.1263294854  1.0000000000  0.5618827693  0.7224141631  0.1130875827 -0.0437383533  0.1414051033  0.4080894422  0.2673554763  0.3192055369  0.1585921884 -0.1782540426  0.1469258459 -0.3179514266  0.0120353039 -0.2070482813 -0.0729748494  0.0723130259 -0.0186161337 -0.4057443653 -0.1085102753
-0.5052171597 -0.2951330557 -0.3748160210 -0.3431854469 -0.1725826475 -0.2451674229 -0.1492228900  0.7360049484 -0.0312545645  0.7763416212 -0.0664773881  0.0468618618  0.0896016773 -0.1995175927 -0.2067664563  0.2642601194  0.1942949577  0.4544458924  0.4459960018  0.6498143706 -0.2307486243  0.3891411947  0.5618827693  1.0000000000  0.4328914438  0.3979968046  0.1233698740  0.3890732392  0.3071004213  0.5561161622  0.6572666506  0.2251368787  0.0733912950  0.1587952049 -0.2724587735 -0.0565414782 -0.2601142394 -0.2902338594  0.5112644856  0.1752956199 -0.6868918053 -0.1857963048
-0.5753364650 -0.4154840588 -0.5071298708 -0.2115773085 -0.1232658279 -0.2602331913 -0.3166290851  0.3711769677  0.0455667750  0.4986734987 -0.4050318987 -0.2716773203  0.0238173258 -0.3771403567 -0.5090598391 -0.1323235037 -0.3965338780 -0.0167493854 -0.0849544179  0.5862087834 -0.1203230096  0.4351888734  0.7224141631  0.4328914438  1.0000000000  0.1384264828  0.2016174733  0.2775398614  0.5864256130  0.3108618407  0.3167699478  0.1667408440  0.0709276024  0.2149595328 -0.0086482545  0.0819046704 -0.1908587676 -0.3525865318  0.1074006791  0.1684354757 -0.4408588206 -0.3109806373
-0.1089513741  0.1972052550 -0.1126446174  0.2792115377  0.2274398912  0.3809799429  0.2768731414  0.2121205266 -0.1076269783  0.0642027812  0.2868808566  0.2301000198  0.3830542319  0.1649812260  0.1491104193  0.4399014039  0.0002579112 -0.0946862984  0.1186087999 -0.0351973048 -0.1983895336  0.1003745293  0.1130875827  0.3979968046  0.1384264828  1.0000000000  0.3489258142  0.1577691537  0.6059430169  0.3335895437  0.3036037345 -0.2777046679 -0.0278005168 -0.3750580331  0.1876072338  0.0419569864 -0.1701608628 -0.1564848342  0.3533068692 -0.2259721657 -0.5215675358 -0.2437309279
 0.1421312251  0.2170832771  0.1509409799  0.3735756690  0.3956496598  0.0441410930  0.3500839402  0.0315509957 -0.1617604122 -0.1035894485  0.0061380125  0.0444255991  0.0615902465  0.3165297218  0.1541411113  0.4387899929 -0.3948506712 -0.4588714296 -0.4381079403 -0.1583706863  0.0440809746  0.5326939843 -0.0437383533  0.1233698740  0.2016174733  0.3489258142  1.0000000000  0.5753235380  0.4551265722  0.6090657586  0.5049127704  0.1333649845  0.6884411654  0.1802802723  0.2322212800  0.4628984893  0.2381127465 -0.4739293799  0.5038182516  0.4567477506 -0.3199470512 -0.5623066126
 0.0133199228  0.0373026559  0.1555877487  0.1320333174  0.2458208810 -0.0851598733  0.3646569606  0.3605260292  0.0306903134  0.1649050144 -0.0624865992  0.2687003867  0.0063774870  0.1977439229  0.0543060031  0.5075486389 -0.1859560538 -0.2106805459 -0.2293697845  0.2459467037  0.2362859652  0.6602049933  0.1414051033  0.3890732392  0.2775398614  0.1577691537  0.5753235380  1.0000000000  0.1541975569  0.8202398391  0.7262059296  0.5185249918  0.7343980395  0.5407602792 -0.1538970616  0.5761510389  0.3127432683 -0.4845623978  0.6650663985  0.7347583154 -0.2179103374 -0.2649174331
-0.2243898382  0.0281884266 -0.2982826738  0.1962460704  0.2361620490  0.1582980481  0.0468282016  0.1304448237 -0.1315102265  0.1649208669  0.0123562145 -0.0738750872  0.1158227897 -0.0119376399 -0.0510970363  0.1869657476 -0.5249670776 -0.3051144294 -0.2338537404  0.1675411021 -0.2612557149  0.1625144407  0.4080894422  0.3071004213  0.5864256130  0.6059430169  0.4551265722  0.1541975569  1.0000000000  0.3816492107  0.3285971456 -0.1732969615  0.0182053017 -0.2473081908  0.2037488288  0.0013367301 -0.2607931348 -0.2636384655  0.0635392506 -0.0624499375 -0.5366590609 -0.4266376325
-0.0653424124  0.0613535791 -0.0196203847  0.1618574872  0.1635401764 -0.0905433705  0.2482676905  0.3290637347 -0.1136233268  0.2113932122  0.1508064740  0.2526616585  0.0273576179  0.2433132268  0.1198563892  0.6329263681 -0.1477155523 -0.0961789824 -0.0818799210  0.2644336500  0.1039239128  0.4866195882  0.2673554763  0.5561161622  0.3108618407  0.3335895437  0.6090657586  0.8202398391  0.3816492107  1.0000000000  0.8580331916  0.4609180781  0.5992705472  0.3589298162 -0.2004961482  0.3070483227  0.0715177924 -0.4658553114  0.7026386309  0.6148727354 -0.4418218531 -0.3845396409
-0.1469158187 -0.0730648835 -0.0276821056 -0.0607920948  0.0301396936 -0.2526109469  0.0413277799  0.4396896065 -0.1211561677  0.3667700706 -0.0202578095  0.1136633426  0.1009904926  0.0790166349 -0.0530790981  0.4942205831 -0.0034527121  0.1316724382  0.0904845614  0.4154602009  0.0395248095  0.6013020471  0.3192055369  0.6572666506  0.3167699478  0.3036037345  0.5049127704  0.7262059296  0.3285971456  0.8580331916  1.0000000000  0.6131325511  0.5325468449  0.4838521792 -0.3694323411  0.2663351494 -0.0027998919 -0.4081264157  0.6011562073  0.5742267334 -0.4470245027 -0.2783965502
 0.0844392472 -0.0377030846  0.1679114016 -0.0712150946 -0.0343328077 -0.2539993049 -0.0153824749  0.1404261914 -0.0321963494  0.1754976827 -0.1183995952  0.0847735842 -0.0786036817  0.1557284852 -0.0190082199  0.2792746779  0.0777467787  0.1851580625  0.0348864450  0.3529419440  0.3481014770  0.4730717932  0.1585921884  0.2251368787  0.1667408440 -0.2777046679  0.1333649845  0.5185249918 -0.1732969615  0.4609180781  0.6131325511  1.0000000000  0.4101328048  0.7883123839 -0.7230654443  0.2333527548  0.2233853875 -0.1444696082  0.3102531357  0.7123903501  0.1750387912  0.2249367028
 0.2269232156  0.1399483940  0.3630028327  0.2433616452  0.3612377823 -0.1599409736  0.3829840562 -0.0027059823 -0.2083628308 -0.1402287864 -0.0727156739  0.0387492935 -0.2190921997  0.3752991159  0.1756718182  0.4220791669 -0.1823776320 -0.3689723067 -0.3810830556 -0.1468324536  0.1617437933  0.6497676600 -0.1782540426  0.0733912950  0.0709276024 -0.0278005168  0.6884411654  0.7343980395  0.0182053017  0.5992705472  0.5325468449  0.4101328048  1.0000000000  0.4857422021  0.1177617674  0.5254051473  0.3379531528 -0.4501091083  0.5401186620  0.7657485219 -0.1162916254 -0.3769002824
-0.0404247308 -0.2193602731  0.0833743826 -0.1502582985  0.0178669419 -0.4821338909 -0.0501918538  0.2088125002 -0.0782848805  0.2046872834 -0.2680054968 -0.0406662597 -0.1640712729  0.0498326831 -0.2142434798  0.1317249074  0.0671446083  0.2193345072  0.0288341933  0.3317776819  0.3676953075  0.6019509547  0.1469258459  0.1587952049  0.2149595328 -0.3750580331  0.1802802723  0.5407602792 -0.2473081908  0.3589298162  0.4838521792  0.7883123839  0.4857422021  1.0000000000 -0.5530928261  0.4028901305  0.2392935034 -0.3240781967  0.2776857293  0.6133495547  0.1456530180  0.1077726506
 0.0206420092  0.1874801112  0.0138127558  0.2881246589  0.2772446518  0.2391580455  0.0958688474 -0.2587730101 -0.2495899130 -0.3057771974 -0.1282707184 -0.3202954406 -0.1807109813 -0.0544884897 -0.0195982196 -0.2318619152 -0.2581545694 -0.4630504417 -0.3516283585 -0.4749130936 -0.2307942885 -0.0141999693 -0.3179514266 -0.2724587735 -0.0086482545  0.1876072338  0.2322212800 -0.1538970616  0.2037488288 -0.2004961482 -0.3694323411 -0.7230654443  0.1177617674 -0.5530928261  1.0000000000 -0.0851476160 -0.1081452146 -0.1879431508 -0.0632193512 -0.2440131146 -0.2730960973 -0.4985342778
 0.0497143941 -0.1030704679  0.2055338093  0.0475067893 -0.0037679962 -0.1588794871  0.2579386330  0.1688294322  0.2445839806 -0.1381593997 -0.1267857253  0.2157155249  0.2837157199 -0.0274577385 -0.1183557850  0.0518916129 -0.4143254529 -0.4478218863 -0.4994840330 -0.0642355403  0.0934910254  0.2937045970  0.0120353039 -0.0565414782  0.0819046704  0.0419569864  0.4628984893  0.5761510389  0.0013367301  0.3070483227  0.2663351494  0.2333527548  0.5254051473  0.4028901305 -0.0851476160  1.0000000000  0.7893401641 -0.2761676757  0.3400836925  0.5159845662  0.2949159426  0.1179901062
 0.2515789067  0.0595451617  0.3053230996  0.1218329429 -0.0609253080  0.0016779003  0.2699414477 -0.0922213605  0.1961168058 -0.3381883852 -0.0824170384  0.2516114573  0.2193098994  0.0444723134  0.0636969988 -0.0258867739 -0.2984823174 -0.4415228678 -0.4968961965 -0.2440741140  0.1682941041  0.0130995849 -0.2070482813 -0.2601142394 -0.1908587676 -0.1701608628  0.2381127465  0.3127432683 -0.2607931348  0.0715177924 -0.0027998919  0.2233853875  0.3379531528  0.2392935034 -0.1081452146  0.7893401641  1.0000000000 -0.0148854623  0.1758984094  0.4446607652  0.5619786329  0.3425294622
 0.1423613250  0.0174958441  0.0321635459 -0.0803736759 -0.2792092934  0.0864429319 -0.0594611065 -0.2294922866  0.2633295456 -0.1635681355  0.2105132421  0.1339616400  0.2369386123 -0.0315447864  0.1396456933 -0.1857820317  0.1888157632  0.1140306809  0.1660949155 -0.1007948454  0.0484452707 -0.5331065864 -0.0729748494 -0.2902338594 -0.3525865318 -0.1564848342 -0.4739293799 -0.4845623978 -0.2636384655 -0.4658553114 -0.4081264157 -0.1444696082 -0.4501091083 -0.3240781967 -0.1879431508 -0.2761676757 -0.0148854623  1.0000000000 -0.4282739827 -0.3567591450  0.3616539978  0.3703262010
-0.0531794971  0.1551052594  0.0878740370  0.1912851464  0.2052298054  0.1500560205  0.3451873171  0.3845334142 -0.1425885160  0.2067386356  0.2799520315  0.2803693260  0.0880022230  0.2909983407  0.1841598163  0.5668992648  0.1457892722  0.0582732487  0.0907567791  0.1153981665 -0.0806225984  0.4752335109  0.0723130259  0.5112644856  0.1074006791  0.3533068692  0.5038182516  0.6650663985  0.0635392506  0.7026386309  0.6011562073  0.3102531357  0.5401186620  0.2776857293 -0.0632193512  0.3400836925  0.1758984094 -0.4282739827  1.0000000000  0.5366633211 -0.3944106451 -0.2878957507
 0.1475101224  0.0768121484  0.3090324014  0.1246551784  0.2048660669 -0.1268954451  0.2267145105  0.0452413569 -0.1508921087 -0.0517606804 -0.0949456472  0.1260505558 -0.2281006572  0.2371857895  0.0505396340  0.2949236091 -0.2081198742 -0.2471706130 -0.3616396711  0.0312080495  0.0898146123  0.5317557431 -0.0186161337  0.1752956199  0.1684354757 -0.2259721657  0.4567477506  0.7347583154 -0.0624499375  0.6148727354  0.5742267334  0.7123903501  0.7657485219  0.6133495547 -0.2440131146  0.5159845662  0.4446607652 -0.3567591450  0.5366633211  1.0000000000  0.0972793632 -0.0203216410
 0.4218051554  0.0901240632  0.3907566438  0.0442223713 -0.0630204283  0.0496885244  0.0825630179 -0.4716169320  0.2033679841 -0.5487141607 -0.0066586059  0.1590400069  0.0353818363  0.0724477887  0.0937216032 -0.2711255308 -0.0279453237 -0.2113569382 -0.2949055485 -0.3773682524  0.2443145941 -0.4080252337 -0.4057443653 -0.6868918053 -0.4408588206 -0.5215675358 -0.3199470512 -0.2179103374 -0.5366590609 -0.4418218531 -0.4470245027  0.1750387912 -0.1162916254  0.1456530180 -0.2730960973  0.2949159426  0.5619786329  0.3616539978 -0.3944106451  0.0972793632  1.0000000000  0.6934945824
 0.1162279276  0.0147235841  0.1998078257 -0.0746437978 -0.1789145485  0.0681379302  0.0015026305 -0.1451175944  0.2015556607 -0.1642770923  0.0947197744  0.2833290124  0.1133932784 -0.0191647858  0.0201163912 -0.2084157786  0.1683259399  0.1605428159  0.0922570276 -0.0717104953  0.1468403586 -0.4009792698 -0.1085102753 -0.1857963048 -0.3109806373 -0.2437309279 -0.5623066126 -0.2649174331 -0.4266376325 -0.3845396409 -0.2783965502  0.2249367028 -0.3769002824  0.1077726506 -0.4985342778  0.1179901062  0.3425294622  0.3703262010 -0.2878957507 -0.0203216410  0.6934945824  1.0000000000
