 1.000000000  0.313167277  0.733623537 -0.136430760  0.168964410  0.223365369  0.397144454  0.133264105 -0.177775931  0.168435518  0.084051100 -0.081948769  0.153511115  0.230604603  0.366773419 -0.041358728 -0.255493168  0.571947326  0.394484526 -0.232442971 -0.192607365  0.169755290 -0.077566233  0.019898081 -0.211379247 -0.290493027 -0.157988833  0.031045389 -0.116293373 -0.245224827 -0.322540213 -0.312095141 -0.245423307 -0.149048796 -0.144836901  0.233273709 -0.120055515 -0.246473346  0.007952836 -0.077682378  0.259323570 -0.030458558
 0.313167277  1.000000000  0.405852180 -0.176061832  0.251350704  0.245679712  0.240313048  0.071972067  0.156882626  0.129167266  0.041166939  0.017288700  0.001300856  0.284116586  0.164797880 -0.079131314 -0.136300339 -0.003067399 -0.104587335  0.068178140 -0.068678160  0.254927962  0.226442315  0.277361657  0.011427087  0.128277033  0.069178812  0.061923878 -0.173464137 -0.212930497 -0.213866766  0.071180764 -0.030845911 -0.160430853 -0.188737890  0.249743009  0.038471959 -0.060002383  0.067135095 -0.017356737 -0.033993467 -0.116125284
 0.733623537  0.405852180  1.000000000 -0.213786489  0.288046155  0.260836754  0.197652324  0.088689855 -0.097243756  0.263902340  0.022266371 -0.026546551  0.115653770  0.247879254  0.238237358 -0.119325977 -0.366559050  0.299649794  0.226243191 -0.052345896 -0.032146860  0.273637163  0.097914586  0.240330649 -0.155817241 -0.059093524 -0.078779558  0.069654770 -0.039630140 -0.240398666 -0.237866350 -0.262481071 -0.361145611 -0.160879805 -0.135674318  0.099284851 -0.091873066 -0.091689311  0.017378212 -0.059812061  0.090965065 -0.166881570
-0.136430760 -0.176061832 -0.213786489  1.000000000  0.201358342  0.075083378 -0.080895508 -0.007285279 -0.184756244  0.205803057 -0.070024044  0.480918358  0.220522858 -0.322531165 -0.204970313  0.131781547 -0.140910431  0.025040677  0.187004439  0.001164123 -0.047208803 -0.124420204  0.018790352 -0.142201549 -0.023289899 -0.040848297 -0.067277378  0.018202025 -0.061234821  0.098310261  0.078858068  0.386967227  0.036692196  0.112701352  0.132938695 -0.105912320  0.037175068  0.177995772  0.058037902  0.102111382  0.147096714  0.261717701
 0.168964410  0.251350704  0.288046155  0.201358342  1.000000000  0.249749348  0.155003932  0.167188403 -0.263603119  0.388261377 -0.017952864  0.373416894  0.214222439  0.116302140  0.163856306  0.184048100 -0.061542022  0.353624663  0.159419301  0.040234091  0.001388302  0.153495345 -0.024333206  0.017646450  0.089639956 -0.075257617  0.216237849  0.373761679  0.184366136  0.203654957  0.245248945  0.370012788 -0.033629799 -0.054646743 -0.211690600 -0.213197738 -0.077917655 -0.155087420  0.092307849 -0.012760952  0.240144309 -0.081265466
 0.223365369  0.245679712  0.260836754  0.075083378  0.249749348  1.000000000  0.024483095  0.387091576 -0.152612673  0.102307025 -0.033736308  0.254368300  0.078931538 -0.050785511  0.039965716 -0.135304138 -0.010150204  0.275318334  0.217048587  0.373556571 -0.291220874  0.563534843 -0.152665508  0.006461061  0.081867304 -0.153987533  0.109625394  0.218135067 -0.101789309  0.054951544 -0.007150351  0.081460644 -0.197245456 -0.215646394 -0.182849913  0.070112790 -0.076316092  0.119863796  0.053617052  0.029762970  0.032440386 -0.145725575
 0.397144454  0.240313048  0.197652324 -0.080895508  0.155003932  0.024483095  1.000000000 -0.049250296 -0.084757199  0.047204477 -0.095070147 -0.189523570  0.480198193  0.284039606  0.542473086  0.585231980 -0.092324798  0.435394920 -0.099264044 -0.194478446 -0.039856463 -0.040437781  0.289234656  0.238137916  0.352632706  0.116893194  0.315705304  0.406715656  0.241563710  0.355047708  0.260848385 -0.130585236  0.159544300  0.060547426 -0.080355628  0.048232748  0.153223831 -0.176116070  0.314753774 -0.005826705  0.346581758  0.060679944
 0.133264105  0.071972067  0.088689855 -0.007285279  0.167188403  0.387091576 -0.049250296  1.000000000 -0.076381817  0.170935565  0.334551608  0.115778444 -0.120902843  0.068293804  0.279236657  0.021616756 -0.221304592  0.397346474  0.060208665  0.550536491 -0.340665753  0.415961218 -0.275452371 -0.137080267 -0.191298021 -0.154432564  0.283465371  0.368239229 -0.068904801  0.050984361 -0.076907925  0.033368578 -0.057850296  0.013945236 -0.323274115  0.411608792 -0.064241888 -0.224190725  0.055907403 -0.476260156  0.003518505  0.222566126
-0.177775931  0.156882626 -0.097243756 -0.184756244 -0.263603119 -0.152612673 -0.084757199 -0.076381817  1.000000000 -0.071591265  0.370768234 -0.347597448 -0.139380771  0.292638449 -0.087014148 -0.083584750 -0.029025580 -0.373576044 -0.640021715  0.161677518  0.397086999 -0.064076478  0.209767427  0.482803918  0.121283417  0.342195556  0.175816180 -0.065730164 -0.219440411 -0.153247057 -0.138024470  0.029038841  0.172450989  0.155154521  0.230196744  0.261350730  0.437388113 -0.216611025  0.112370155  0.067792832 -0.375123304 -0.011478920
 0.168435518  0.129167266  0.263902340  0.205803057  0.388261377  0.102307025  0.047204477  0.170935565 -0.071591265  1.000000000 -0.053447161  0.414113070  0.195614473 -0.051831641 -0.038453409 -0.103579484 -0.224550658  0.128519511  0.149270789  0.228661376  0.085699216  0.126762330  0.133534787  0.169485133 -0.004064450  0.173139667  0.096830516  0.215106378  0.119757331  0.031647858  0.031535794  0.417025112 -0.140208694 -0.089018410 -0.146681270  0.044846582  0.087382385  0.114667568  0.141410594  0.019723507  0.020570124 -0.040026981
 0.084051100  0.041166939  0.022266371 -0.070024044 -0.017952864 -0.033736308 -0.095070147  0.334551608  0.370768234 -0.053447161  1.000000000 -0.182161465 -0.231156933  0.089034251  0.208439189 -0.050465538 -0.007449690 -0.015365635 -0.239608516  0.298599420  0.258909743 -0.045049894 -0.216493067  0.130096110  0.007249639 -0.052223743  0.139173031  0.010918686 -0.151027947 -0.144210352 -0.081470024  0.096578021  0.068479408  0.394829493 -0.036842682  0.275929206  0.155627465 -0.588415597 -0.002148429 -0.512024322 -0.218715826 -0.010611394
-0.081948769  0.017288700 -0.026546551  0.480918358  0.373416894  0.254368300 -0.189523570  0.115778444 -0.347597448  0.414113070 -0.182161465  1.000000000  0.073197510 -0.262665370 -0.005992882 -0.003429687 -0.188221075 -0.015147419  0.216589457  0.167065671 -0.156172199  0.049467771  0.063221785 -0.145448458 -0.033375382  0.025463743  0.117606591  0.112894196  0.096323470  0.085942345  0.100952837  0.630490658 -0.101150166 -0.070306675 -0.215792257 -0.196642790 -0.162350384  0.371680928  0.070120449  0.144763787  0.216074216  0.205179847
 0.153511115  0.001300856  0.115653770  0.220522858  0.214222439  0.078931538  0.480198193 -0.120902843 -0.139380771  0.195614473 -0.231156933  0.073197510  1.000000000 -0.005724004 -0.048524802  0.609475521 -0.134781069  0.400682207  0.140447662 -0.101841498  0.298800573 -0.067421119  0.286650524  0.326533386  0.279770005  0.094892190  0.215788307  0.455764866  0.222389745  0.487033955  0.419429256  0.113594361  0.383541233  0.157887042  0.266956071 -0.060323548  0.550788547 -0.094653797  0.624717710  0.334612672  0.507650947  0.128271481
 0.230604603  0.284116586  0.247879254 -0.322531165  0.116302140 -0.050785511  0.284039606  0.068293804  0.292638449 -0.051831641  0.089034251 -0.262665370 -0.005724004  1.000000000  0.246003706  0.338346013 -0.314351414  0.002723061 -0.314919698 -0.203511107  0.098165501 -0.084840083  0.038493844  0.263596139 -0.151423535  0.198468233  0.269205648  0.277110590  0.123475472  0.156974143  0.050428553 -0.201590483 -0.012422758 -0.127323468 -0.103315109  0.062098106  0.137567883 -0.175497990  0.204542455  0.091992037  0.110117123  0.110925548
 0.366773419  0.164797880  0.238237358 -0.204970313  0.163856306  0.039965716  0.542473086  0.279236657 -0.087014148 -0.038453409  0.208439189 -0.005992882 -0.048524802  0.246003706  1.000000000  0.266869274 -0.099869390  0.285626356 -0.029535640 -0.004823055 -0.310134798  0.069716616  0.066700669 -0.089573228  0.085711770 -0.140509097  0.253247885  0.359606709  0.397639347  0.214182106  0.139764953 -0.177131436 -0.131527974 -0.194296943 -0.567699642 -0.015138393 -0.267778450 -0.329085125 -0.079606862 -0.374941724  0.084302806  0.019188787
-0.041358728 -0.079131314 -0.119325977  0.131781547  0.184048100 -0.135304138  0.585231980  0.021616756 -0.083584750 -0.103579484 -0.050465538 -0.003429687  0.609475521  0.338346013  0.266869274  1.000000000 -0.253938148  0.287106211 -0.123670255 -0.202817705  0.109710552 -0.400690162  0.138334653  0.157613642  0.218519037  0.110053268  0.427714338  0.629874487  0.408521542  0.681408594  0.541973465  0.089593215  0.309245003  0.271335633  0.023048118 -0.210555946  0.315652067 -0.233090023  0.540582381  0.171542504  0.455400297  0.244039444
-0.255493168 -0.136300339 -0.366559050 -0.140910431 -0.061542022 -0.010150204 -0.092324798 -0.221304592 -0.029025580 -0.224550658 -0.007449690 -0.188221075 -0.134781069 -0.314351414 -0.099869390 -0.253938148  1.000000000 -0.082994899  0.126977924 -0.053731952 -0.041415752  0.224865285 -0.219938671 -0.295989832  0.180058964 -0.392251307 -0.152677301 -0.278294582 -0.103641498  0.002708772  0.035680648 -0.107497722 -0.019063367 -0.170190192  0.089358879 -0.033376954 -0.203927162 -0.179272704 -0.525877400 -0.133581950 -0.115842947 -0.398955825
 0.571947326 -0.003067399  0.299649794  0.025040677  0.353624663  0.275318334  0.435394920  0.397346474 -0.373576044  0.128519511 -0.015365635 -0.015147419  0.400682207  0.002723061  0.285626356  0.287106211 -0.082994899  1.000000000  0.421438772 -0.108549953 -0.263678317  0.103760286 -0.188577620 -0.088103257 -0.024459707 -0.324746984  0.046432584  0.349642439  0.077392177  0.203835098  0.085657614 -0.130639984  0.091895213  0.021215283 -0.154447363  0.038102485 -0.102173868 -0.367950109  0.160336299 -0.196059031  0.454246152  0.147108278
 0.394484526 -0.104587335  0.226243191  0.187004439  0.159419301  0.217048587 -0.099264044  0.060208665 -0.640021715  0.149270789 -0.239608516  0.216589457  0.140447662 -0.314919698 -0.029535640 -0.123670255  0.126977924  0.421438772  1.000000000 -0.308727336 -0.382448951  0.129425996 -0.411496838 -0.568780386 -0.468834288 -0.708863143 -0.516125934 -0.036457799  0.017756047 -0.063863815 -0.148758709 -0.053945602 -0.386234421 -0.352910295 -0.166845082 -0.026905356 -0.308614023 -0.102207019 -0.217497275  0.007234798  0.239483177 -0.264628357
-0.232442971  0.068178140 -0.052345896  0.001164123  0.040234091  0.373556571 -0.194478446  0.550536491  0.161677518  0.228661376  0.298599420  0.167065671 -0.101841498 -0.203511107 -0.004823055 -0.202817705 -0.053731952 -0.108549953 -0.308727336  1.000000000  0.144059959  0.597061591  0.031156895  0.323634458  0.312868400  0.312783401  0.294155598  0.145409355 -0.098961016 -0.017241342  0.127803487  0.185700571  0.130888808  0.162375045 -0.044025276  0.210760208  0.225259127  0.112421157  0.114855582 -0.223961136 -0.130481512  0.118072022
-0.192607365 -0.068678160 -0.032146860 -0.047208803  0.001388302 -0.291220874 -0.039856463 -0.340665753  0.397086999  0.085699216  0.258909743 -0.156172199  0.298800573  0.098165501 -0.310134798  0.109710552 -0.041415752 -0.263678317 -0.382448951  0.144059959  1.000000000 -0.158582648  0.261969474  0.655960046  0.257440571  0.418568717  0.102854877 -0.080198161 -0.001207841  0.062369493  0.253575155  0.106633062  0.410595149  0.560431818  0.558787276  0.015573768  0.651461980 -0.193442052  0.344265570  0.096365138 -0.053464103  0.004141814
 0.169755290  0.254927962  0.273637163 -0.124420204  0.153495345  0.563534843 -0.040437781  0.415961218 -0.064076478  0.126762330 -0.045049894  0.049467771 -0.067421119 -0.084840083  0.069716616 -0.400690162  0.224865285  0.103760286  0.129425996  0.597061591 -0.158582648  1.000000000 -0.050635653  0.052864926  0.037905641 -0.139469376 -0.007485249 -0.003327935 -0.234164670 -0.199990448 -0.130481617 -0.135817089 -0.120862062 -0.294890007 -0.093846183  0.365441305 -0.038790758  0.098428103 -0.184405878 -0.114000181 -0.023522337 -0.115475541
-0.077566233  0.226442315  0.097914586  0.018790352 -0.024333206 -0.152665508  0.289234656 -0.275452371  0.209767427  0.133534787 -0.216493067  0.063221785  0.286650524  0.038493844  0.066700669  0.138334653 -0.219938671 -0.188577620 -0.411496838  0.031156895  0.261969474 -0.050635653  1.000000000  0.560934093  0.326413547  0.554085986  0.337516191  0.088418185  0.093842837 -0.079516221 -0.011789193  0.164418478  0.359812926  0.068746844  0.038278499  0.019962143  0.235027960  0.356563230  0.355525118  0.171235860  0.045257065  0.237237107
 0.019898081  0.277361657  0.240330649 -0.142201549  0.017646450  0.006461061  0.238137916 -0.137080267  0.482803918  0.169485133  0.130096110 -0.145448458  0.326533386  0.263596139 -0.089573228  0.157613642 -0.295989832 -0.088103257 -0.568780386  0.323634458  0.655960046  0.052864926  0.560934093  1.000000000  0.415120991  0.698550682  0.359722199  0.135065719 -0.023770305  0.006666060  0.153057795  0.038307555  0.424100757  0.402919775  0.284896003  0.088000668  0.578229826  0.019882408  0.549923340  0.105046704  0.021616291  0.137037327
-0.211379247  0.011427087 -0.155817241 -0.023289899  0.089639956  0.081867304  0.352632706 -0.191298021  0.121283417 -0.004064450  0.007249639 -0.033375382  0.279770005 -0.151423535  0.085711770  0.218519037  0.180058964 -0.024459707 -0.468834288  0.312868400  0.257440571  0.037905641  0.326413547  0.415120991  1.000000000  0.433107086  0.480691249  0.171319219  0.102045794  0.230145698  0.410145796  0.113224069  0.197200674  0.228659093  0.122720245 -0.275407045  0.169413989  0.098417770  0.145974511  0.080442240  0.004362506 -0.034606185
-0.290493027  0.128277033 -0.059093524 -0.040848297 -0.075257617 -0.153987533  0.116893194 -0.154432564  0.342195556  0.173139667 -0.052223743  0.025463743  0.094892190  0.198468233 -0.140509097  0.110053268 -0.392251307 -0.324746984 -0.708863143  0.312783401  0.418568717 -0.139469376  0.554085986  0.698550682  0.433107086  1.000000000  0.413566035  0.118837354  0.141492068  0.116934452  0.280093625  0.227538933  0.331448012  0.265767216  0.105787155 -0.127824504  0.417793918  0.354599606  0.515352416  0.221422143 -0.002245908  0.253191459
-0.157988833  0.069178812 -0.078779558 -0.067277378  0.216237849  0.109625394  0.315705304  0.283465371  0.175816180  0.096830516  0.139173031  0.117606591  0.215788307  0.269205648  0.253247885  0.427714338 -0.152677301  0.046432584 -0.516125934  0.294155598  0.102854877 -0.007485249  0.337516191  0.359722199  0.480691249  0.413566035  1.000000000  0.663488839  0.165497524  0.330284261  0.293186843  0.204656472  0.212726299  0.164536144 -0.295643107 -0.069214800  0.115436845  0.029739990  0.345487430 -0.067182102  0.103888141  0.244934044
 0.031045389  0.061923878  0.069654770  0.018202025  0.373761679  0.218135067  0.406715656  0.368239229 -0.065730164  0.215106378  0.010918686  0.112894196  0.455764866  0.277110590  0.359606709  0.629874487 -0.278294582  0.349642439 -0.036457799  0.145409355 -0.080198161 -0.003327935  0.088418185  0.135065719  0.171319219  0.118837354  0.663488839  1.000000000  0.471246345  0.630789550  0.489038182  0.159117040  0.132683297 -0.098881362 -0.457649936 -0.160132815  0.189588665 -0.208525879  0.511070205  0.033331381  0.281223548  0.035412019
-0.116293373 -0.173464137 -0.039630140 -0.061234821  0.184366136 -0.101789309  0.241563710 -0.068904801 -0.219440411  0.119757331 -0.151027947  0.096323470  0.222389745  0.123475472  0.397639347  0.408521542 -0.103641498  0.077392177  0.017756047 -0.098961016 -0.001207841 -0.234164670  0.093842837 -0.023770305  0.102045794  0.141492068  0.165497524  0.471246345  1.000000000  0.654969130  0.641337904  0.112191870 -0.124174668 -0.283543352 -0.420941467 -0.559348010 -0.038920808 -0.105077757  0.201494087  0.007820138  0.057537496 -0.180315176
-0.245224827 -0.212930497 -0.240398666  0.098310261  0.203654957  0.054951544  0.355047708  0.050984361 -0.153247057  0.031647858 -0.144210352  0.085942345  0.487033955  0.156974143  0.214182106  0.681408594  0.002708772  0.203835098 -0.063863815 -0.017241342  0.062369493 -0.199990448 -0.079516221  0.006666060  0.230145698  0.116934452  0.330284261  0.630789550  0.654969130  1.000000000  0.879998342  0.170605679  0.167642136 -0.006178552 -0.159368914 -0.381078809  0.253823656 -0.219434203  0.368733179  0.081181580  0.289613783 -0.047730126
-0.322540213 -0.213866766 -0.237866350  0.078858068  0.245248945 -0.007150351  0.260848385 -0.076907925 -0.138024470  0.031535794 -0.081470024  0.100952837  0.419429256  0.050428553  0.139764953  0.541973465  0.035680648  0.085657614 -0.148758709  0.127803487  0.253575155 -0.130481617 -0.011789193  0.153057795  0.410145796  0.280093625  0.293186843  0.489038182  0.641337904  0.879998342  1.000000000  0.234765539  0.175900628  0.088039558 -0.118899142 -0.533387208  0.243899786 -0.200451234  0.334304188  0.056234473  0.259121758 -0.074864738
-0.312095141  0.071180764 -0.262481071  0.386967227  0.370012788  0.081460644 -0.130585236  0.033368578  0.029038841  0.417025112  0.096578021  0.630490658  0.113594361 -0.201590483 -0.177131436  0.089593215 -0.107497722 -0.130639984 -0.053945602  0.185700571  0.106633062 -0.135817089  0.164418478  0.038307555  0.113224069  0.227538933  0.204656472  0.159117040  0.112191870  0.170605679  0.234765539  1.000000000  0.109547148  0.161487943 -0.092960245 -0.120127862  0.156715546  0.121720921  0.288957962  0.111667463  0.050546520 -0.008982974
-0.245423307 -0.030845911 -0.361145611  0.036692196 -0.033629799 -0.197245456  0.159544300 -0.057850296  0.172450989 -0.140208694  0.068479408 -0.101150166  0.383541233 -0.012422758 -0.131527974  0.309245003 -0.019063367  0.091895213 -0.386234421  0.130888808  0.410595149 -0.120862062  0.359812926  0.424100757  0.197200674  0.331448012  0.212726299  0.132683297 -0.124174668  0.167642136  0.175900628  0.109547148  1.000000000  0.509459193  0.359059271  0.178711604  0.553620050 -0.078602880  0.528807138  0.095471908  0.317454625  0.474713213
-0.149048796 -0.160430853 -0.160879805  0.112701352 -0.054646743 -0.215646394  0.060547426  0.013945236  0.155154521 -0.089018410  0.394829493 -0.070306675  0.157887042 -0.127323468 -0.194296943  0.271335633 -0.170190192  0.021215283 -0.352910295  0.162375045  0.560431818 -0.294890007  0.068746844  0.402919775  0.228659093  0.265767216  0.164536144 -0.098881362 -0.283543352 -0.006178552  0.088039558  0.161487943  0.509459193  1.000000000  0.511112959  0.208272438  0.407827675 -0.181574528  0.338048357 -0.133365695  0.116847141  0.334348453
-0.144836901 -0.188737890 -0.135674318  0.132938695 -0.211690600 -0.182849913 -0.080355628 -0.323274115  0.230196744 -0.146681270 -0.036842682 -0.215792257  0.266956071 -0.103315109 -0.567699642  0.023048118  0.089358879 -0.154447363 -0.166845082 -0.044025276  0.558787276 -0.093846183  0.038278499  0.284896003  0.122720245  0.105787155 -0.295643107 -0.457649936 -0.420941467 -0.159368914 -0.118899142 -0.092960245  0.359059271  0.511112959  1.000000000  0.202925061  0.555402016  0.043744231  0.164330762  0.274889411  0.061981467  0.183063437
 0.233273709  0.249743009  0.099284851 -0.105912320 -0.213197738  0.070112790  0.048232748  0.411608792  0.261350730  0.044846582  0.275929206 -0.196642790 -0.060323548  0.062098106 -0.015138393 -0.210555946 -0.033376954  0.038102485 -0.026905356  0.210760208  0.015573768  0.365441305  0.019962143  0.088000668 -0.275407045 -0.127824504 -0.069214800 -0.160132815 -0.559348010 -0.381078809 -0.533387208 -0.120127862  0.178711604  0.208272438  0.202925061  1.000000000  0.316487533 -0.109875748  0.002652739 -0.267427913 -0.185465025  0.122117994
-0.120055515  0.038471959 -0.091873066  0.037175068 -0.077917655 -0.076316092  0.153223831 -0.064241888  0.437388113  0.087382385  0.155627465 -0.162350384  0.550788547  0.137567883 -0.267778450  0.315652067 -0.203927162 -0.102173868 -0.308614023  0.225259127  0.651461980 -0.038790758  0.235027960  0.578229826  0.169413989  0.417793918  0.115436845  0.189588665 -0.038920808  0.253823656  0.243899786  0.156715546  0.553620050  0.407827675  0.555402016  0.316487533  1.000000000 -0.150178016  0.698194074  0.317136772  0.150308696  0.119202372
-0.246473346 -0.060002383 -0.091689311  0.177995772 -0.155087420  0.119863796 -0.176116070 -0.224190725 -0.216611025  0.114667568 -0.588415597  0.371680928 -0.094653797 -0.175497990 -0.329085125 -0.233090023 -0.179272704 -0.367950109 -0.102207019  0.112421157 -0.193442052  0.098428103  0.356563230  0.019882408  0.098417770  0.354599606  0.029739990 -0.208525879 -0.105077757 -0.219434203 -0.200451234  0.121720921 -0.078602880 -0.181574528  0.043744231 -0.109875748 -0.150178016  1.000000000 -0.001055933  0.440576713 -0.014542341  0.205377448
 0.007952836  0.067135095  0.017378212  0.058037902  0.092307849  0.053617052  0.314753774  0.055907403  0.112370155  0.141410594 -0.002148429  0.070120449  0.624717710  0.204542455 -0.079606862  0.540582381 -0.525877400  0.160336299 -0.217497275  0.114855582  0.344265570 -0.184405878  0.355525118  0.549923340  0.145974511  0.515352416  0.345487430  0.511070205  0.201494087  0.368733179  0.334304188  0.288957962  0.528807138  0.338048357  0.164330762  0.002652739  0.698194074 -0.001055933  1.000000000  0.391423201  0.444341448  0.271040928
-0.077682378 -0.017356737 -0.059812061  0.102111382 -0.012760952  0.029762970 -0.005826705 -0.476260156  0.067792832  0.019723507 -0.512024322  0.144763787  0.334612672  0.091992037 -0.374941724  0.171542504 -0.133581950 -0.196059031  0.007234798 -0.223961136  0.096365138 -0.114000181  0.171235860  0.105046704  0.080442240  0.221422143 -0.067182102  0.033331381  0.007820138  0.081181580  0.056234473  0.111667463  0.095471908 -0.133365695  0.274889411 -0.267427913  0.317136772  0.440576713  0.391423201  1.000000000  0.351686274  0.041628741
 0.259323570 -0.033993467  0.090965065  0.147096714  0.240144309  0.032440386  0.346581758  0.003518505 -0.375123304  0.020570124 -0.218715826  0.216074216  0.507650947  0.110117123  0.084302806  0.455400297 -0.115842947  0.454246152  0.239483177 -0.130481512 -0.053464103 -0.023522337  0.045257065  0.021616291  0.004362506 -0.002245908  0.103888141  0.281223548  0.057537496  0.289613783  0.259121758  0.050546520  0.317454625  0.116847141  0.061981467 -0.185465025  0.150308696 -0.014542341  0.444341448  0.351686274  1.000000000  0.456994386
-0.030458558 -0.116125284 -0.166881570  0.261717701 -0.081265466 -0.145725575  0.060679944  0.222566126 -0.011478920 -0.040026981 -0.010611394  0.205179847  0.128271481  0.110925548  0.019188787  0.244039444 -0.398955825  0.147108278 -0.264628357  0.118072022  0.004141814 -0.115475541  0.237237107  0.137037327 -0.034606185  0.253191459  0.244934044  0.035412019 -0.180315176 -0.047730126 -0.074864738 -0.008982974  0.474713213  0.334348453  0.183063437  0.122117994  0.119202372  0.205377448  0.271040928  0.041628741  0.456994386  1.000000000
