 1.0000000000  0.4860941375  0.2337120630  0.3342560957  0.4109037165  0.4594848389  0.0405799788 -0.1868727666  0.1917306807  0.0151965554  0.4128295350  0.3028673735  0.2727458531  0.1072226125 -0.0219630901 -0.0055186688  0.2310894192 -0.2847265390 -0.3294147963 -0.3053607473 -0.0315799777 -0.0791232782  0.3654907561 -0.0582071456  0.0792046479 -0.1083375015  0.5102567368  0.1523567638  0.0111330194 -0.0194934906 -0.4391955418  0.0211861394 -0.5132243831 -0.3819931952 -0.2528653193 -0.3092508916 -0.1782260844 -0.2030667259 -0.2825501860  0.0394842489 -0.1274990262 -0.3302577862
 0.4860941375  1.0000000000 -0.3176592158  0.1906651417  0.3891728701  0.4403618729 -0.2050678437 -0.1109726511  0.3568978864  0.2941181012  0.2978821969  0.6141658978  0.2997603463 -0.0797470959  0.1799762578  0.4194457829  0.5156087920 -0.2058387461  0.0938706248 -0.3605400303 -0.1850847290 -0.2038519997  0.3865004165  0.0261495767  0.0115834100 -0.0179727037  0.3591937214  0.1919383207  0.2918414249 -0.0630550510 -0.2768780561 -0.4316529443 -0.2843751692 -0.4862235001 -0.4723441025 -0.1211182546 -0.1162962820 -0.3532603159 -0.4862929509 -0.5276013952 -0.6899492877 -0.7493990767
 0.2337120630 -0.3176592158  1.0000000000  0.0813797607  0.0619345187  0.0189855288  0.2119823959 -0.0820362737 -0.0863962446 -0.2578862456  0.2954159543 -0.1029483633 -0.0399384621  0.1656507190 -0.3762451451 -0.6199164624 -0.4089584454 -0.2040338530 -0.5812296312  0.0672550342  0.0880011311  0.0945440551  0.1411950854 -0.2765169879  0.1308122718 -0.1215271778 -0.1405124766 -0.0948279911 -0.2995627445 -0.2117458230 -0.1307333360  0.3963687487 -0.2897156969 -0.0357597017  0.2612148920  0.2033301580 -0.0730034147  0.1846880343  0.1665996882  0.5697713823  0.5531708935  0.5065422439
 0.3342560957  0.1906651417  0.0813797607  1.0000000000 -0.2157537283 -0.1743776567 -0.2929268551  0.0011919555  0.3609948238  0.1375767554 -0.0498855368  0.0560500761  0.0861268916 -0.2801702691 -0.2018748494 -0.3392745621 -0.0282742318 -0.0800566847 -0.2192566222 -0.0464786806 -0.2038353650 -0.1900775175  0.2955940223  0.0311286117  0.0112419495  0.0264695714  0.1257151915 -0.0703621674  0.0544547107 -0.0070020246 -0.1756592977  0.2033180498 -0.0120331974  0.0082075209  0.1592119350 -0.2313374910  0.0036025677 -0.2077380894  0.0719087669  0.2712546336  0.1692009508 -0.0932680523
 0.4109037165  0.3891728701  0.0619345187 -0.2157537283  1.0000000000  0.8723880543  0.6517604702  0.0586855704 -0.1967743926 -0.0589000487  0.3309725515  0.1632507122 -0.0790451775  0.5375909493  0.4616155531  0.2643610616  0.3126464933  0.0237630336  0.0543345221 -0.0042942641 -0.0789181039 -0.0876445565  0.1261246622 -0.0905328135 -0.0614603866 -0.0493903276  0.2885108839  0.4884038534  0.1584354698  0.1588689456 -0.1543433620 -0.0695149837 -0.2617810971 -0.4401868937 -0.6228258122 -0.3021699232 -0.2033000315 -0.0201392066 -0.3685629928 -0.4238344302 -0.4645451931 -0.3557035207
 0.4594848389  0.4403618729  0.0189855288 -0.1743776567  0.8723880543  1.0000000000  0.6170008046  0.0371315352 -0.1755085542 -0.1766168704  0.4621900724  0.2690999917  0.0021139470  0.5912907182  0.4786509125  0.3091947965  0.4376162025  0.0656066605  0.0918853659 -0.0919334493 -0.1617835901 -0.0449942497  0.1592008144 -0.1552015677 -0.0352431122 -0.0943914570  0.4061830995  0.5214558275  0.1059467031  0.1205726591 -0.2386049966 -0.1142193362 -0.3579342136 -0.5254572914 -0.6421414250 -0.3520557153 -0.2544999819 -0.1011091229 -0.4634389169 -0.5173691347 -0.5478735619 -0.4573779637
 0.0405799788 -0.2050678437  0.2119823959 -0.2929268551  0.6517604702  0.6170008046  1.0000000000  0.3244878467 -0.3864149149 -0.3519275925 -0.0491968146 -0.1698961095 -0.3552740901  0.7922666423  0.4118205180  0.0446288487 -0.0265706000  0.2166850884 -0.0153341883  0.3044895166 -0.0434595982  0.0367922367 -0.2436626901 -0.2446896832 -0.2336391880 -0.1720948527 -0.0422437505  0.3582228864 -0.0170486069  0.2246103811  0.0679055956  0.1303834874  0.0206748833 -0.1282698717 -0.2929693027 -0.1684679018 -0.0546683327  0.1551594357 -0.1293518604 -0.1838445677 -0.0144148936  0.1145067583
-0.1868727666 -0.1109726511 -0.0820362737  0.0011919555  0.0586855704  0.0371315352  0.3244878467  1.0000000000 -0.0830080542 -0.1733813540 -0.3773463372 -0.0427553437 -0.5384317648  0.4636969915  0.6018797852  0.0193343779 -0.2600054725  0.1295673283 -0.0590850125  0.2995614189 -0.4087837541 -0.0563149345 -0.4842006951 -0.3227568445 -0.6711865444 -0.1825662565 -0.4033491537  0.3954940648  0.6633706307  0.5432589811  0.5661644208  0.2387252167  0.5329462462  0.2037091726  0.0875338521 -0.2090440582  0.1600329760 -0.0204459568 -0.0469311218 -0.1434528988  0.2060276623  0.1386845343
 0.1917306807  0.3568978864 -0.0863962446  0.3609948238 -0.1967743926 -0.1755085542 -0.3864149149 -0.0830080542  1.0000000000  0.1260182093  0.1514220742  0.6233725078  0.2103607335 -0.3860662896 -0.4020470638 -0.1663242010 -0.1056715737 -0.2740785486 -0.2519627672 -0.3227505272 -0.1710203778 -0.1246314085  0.1289334351 -0.1525538328 -0.1835265226 -0.2540713938 -0.0447968928 -0.3952254496 -0.0597056875 -0.3469871074 -0.3284603503 -0.3257412726 -0.1301576895 -0.2490400433  0.1466501235  0.1794712111  0.1384415963 -0.4682310104 -0.3401025827 -0.1417306618 -0.0298997478 -0.2631071557
 0.0151965554  0.2941181012 -0.2578862456  0.1375767554 -0.0589000487 -0.1766168704 -0.3519275925 -0.1733813540  0.1260182093  1.0000000000 -0.0926400220  0.0437539139  0.1410202846 -0.3320821632  0.0146715154  0.1378633200  0.0916608097 -0.2052381945  0.0927227615 -0.0962829823  0.3193660038 -0.2741129327  0.1485634391  0.6412923490  0.0773233275  0.1057311105  0.2007028138 -0.1399639544  0.1940891231  0.0247670958  0.1692560913 -0.0675227847  0.1158347788  0.0112221836 -0.0223698825 -0.0279482956  0.0502285594  0.0550021020  0.2340762877  0.0582825133 -0.1437341017 -0.1101558885
 0.4128295350  0.2978821969  0.2954159543 -0.0498855368  0.3309725515  0.4621900724 -0.0491968146 -0.3773463372  0.1514220742 -0.0926400220  1.0000000000  0.4776155501  0.4927250466  0.0113522711 -0.2079457108  0.0889253360  0.1554219160 -0.3182373899 -0.2269105251 -0.4982240947  0.0720790910 -0.0169469291  0.4666326287  0.0425264733  0.2808054984 -0.0617261968  0.4308677636  0.0908162160 -0.2238916461 -0.2928951520 -0.4322422586 -0.0908267040 -0.6538800708 -0.4739331491 -0.2001563630  0.0162904291 -0.2610341915 -0.2488829881 -0.2167500725 -0.0669727707 -0.2354526945 -0.2445864985
 0.3028673735  0.6141658978 -0.1029483633  0.0560500761  0.1632507122  0.2690999917 -0.1698961095 -0.0427553437  0.6233725078  0.0437539139  0.4776155501  1.0000000000  0.3815881159 -0.2205974722 -0.1433825415  0.2357083074  0.2100549830 -0.3119496417 -0.1678122500 -0.4603176591 -0.2320537900 -0.1244887434  0.2421436808 -0.1471511287 -0.1025181385 -0.2551229115  0.1205739650 -0.0986756564  0.0668521042 -0.3419286542 -0.3354328837 -0.4826075303 -0.3509226046 -0.4739578722 -0.1108043045  0.1650612479 -0.0501219789 -0.5781816003 -0.6172464026 -0.4221689604 -0.3911565699 -0.4854955627
 0.2727458531  0.2997603463 -0.0399384621  0.0861268916 -0.0790451775  0.0021139470 -0.3552740901 -0.5384317648  0.2103607335  0.1410202846  0.4927250466  0.3815881159  1.0000000000 -0.4469018919 -0.3858702523  0.1552875203  0.3047779341 -0.4666561757 -0.1504594874 -0.3556855800  0.3871599359 -0.2465264690  0.5466365543  0.3089190631  0.6532877392  0.0802103423  0.5934153933 -0.2386168378 -0.1669619871 -0.3557232255 -0.2943994626 -0.1564357094 -0.4922174153 -0.1743073372 -0.1012222440 -0.0059530069 -0.3593256978 -0.0946336825 -0.1323003401  0.0876333674 -0.2950753061 -0.3986372822
 0.1072226125 -0.0797470959  0.1656507190 -0.2801702691  0.5375909493  0.5912907182  0.7922666423  0.4636969915 -0.3860662896 -0.3320821632  0.0113522711 -0.2205974722 -0.4469018919  1.0000000000  0.5444503637  0.0357821245 -0.0274015356  0.1767585970 -0.0302547503  0.2417177079 -0.1365665867  0.2047473636 -0.2778053012 -0.2790230536 -0.3036886352 -0.1441477957 -0.0253666592  0.4983346979  0.1791282096  0.3897205796  0.2027574750  0.2056770844  0.0671449196 -0.1057768603 -0.2713295853 -0.1437347673 -0.0252071292  0.1991648526 -0.0770783739 -0.2394282353 -0.0068706997  0.0343022654
-0.0219630901  0.1799762578 -0.3762451451 -0.2018748494  0.4616155531  0.4786509125  0.4118205180  0.6018797852 -0.4020470638  0.0146715154 -0.2079457108 -0.1433825415 -0.3858702523  0.5444503637  1.0000000000  0.4844925457  0.2693545539  0.2483018431  0.3616946951  0.1557170514 -0.2678479065 -0.0651737252 -0.3218734952 -0.0615184970 -0.3350113347  0.0437168110  0.0665382599  0.5828053895  0.5884247863  0.5548090383  0.3782523189  0.0751138076  0.3472634815  0.1153115077 -0.4480417431 -0.4195876395 -0.0067771656  0.1245830845 -0.1717170593 -0.4846684098 -0.3465815194 -0.2733671412
-0.0055186688  0.4194457829 -0.6199164624 -0.3392745621  0.2643610616  0.3091947965  0.0446288487  0.0193343779 -0.1663242010  0.1378633200  0.0889253360  0.2357083074  0.1552875203  0.0357821245  0.4844925457  1.0000000000  0.3784960262 -0.0141779063  0.4136334818 -0.1462193653  0.0592304039 -0.0637160003  0.0852532288  0.2645930522  0.0351169976  0.2143209132  0.2676181074  0.3678033626  0.1409180931  0.1516588810 -0.0595067202 -0.3958611538  0.0362073031 -0.0942502246 -0.4366126580 -0.0676981512  0.0481543762 -0.1362208972 -0.1776838986 -0.5229264484 -0.6292607072 -0.5333520837
 0.2310894192  0.5156087920 -0.4089584454 -0.0282742318  0.3126464933  0.4376162025 -0.0265706000 -0.2600054725 -0.1056715737  0.0916608097  0.1554219160  0.2100549830  0.3047779341 -0.0274015356  0.2693545539  0.3784960262  1.0000000000  0.2270221305  0.5226218674 -0.0777931682 -0.1412311602 -0.1921224557  0.1702231352  0.0265704213  0.1451757070 -0.0439897621  0.4410315155  0.2081287468  0.1237291698 -0.0290749020 -0.1150123512 -0.3507217942 -0.2490297430 -0.3260663441 -0.5855514622 -0.3480600604 -0.2849310833 -0.1802179872 -0.4582966831 -0.5444796585 -0.7444560653 -0.5877406498
-0.2847265390 -0.2058387461 -0.2040338530 -0.0800566847  0.0237630336  0.0656066605  0.2166850884  0.1295673283 -0.2740785486 -0.2052381945 -0.3182373899 -0.3119496417 -0.4666561757  0.1767585970  0.2483018431 -0.0141779063  0.2270221305  1.0000000000  0.6397593975  0.2056690569 -0.4891381076 -0.0217238138 -0.4972204134 -0.3575428669 -0.3171165340 -0.1506995648 -0.3849030940  0.0461579507  0.0502741950 -0.0412667579  0.1721394993 -0.1446523828  0.2786940750  0.0028695971 -0.1102498389 -0.2397934406 -0.1254852219 -0.0976687567 -0.0723192712 -0.2841679837 -0.0976485635  0.2070806832
-0.3294147963  0.0938706248 -0.5812296312 -0.2192566222  0.0543345221  0.0918853659 -0.0153341883 -0.0590850125 -0.2519627672  0.0927227615 -0.2269105251 -0.1678122500 -0.1504594874 -0.0302547503  0.3616946951  0.4136334818  0.5226218674  0.6397593975  1.0000000000  0.1229663350 -0.2401346807 -0.1195949832 -0.2059113643 -0.0330445464  0.0074262621  0.0591212306 -0.0153686102  0.0746723551  0.1018666736  0.0689257448  0.2468546698 -0.2848544322  0.2899918740 -0.0936042104 -0.5085916427 -0.1305554530 -0.1342307302  0.0985056324 -0.1049292126 -0.5573092254 -0.6088762616 -0.3329455493
-0.3053607473 -0.3605400303  0.0672550342 -0.0464786806 -0.0042942641 -0.0919334493  0.3044895166  0.2995614189 -0.3227505272 -0.0962829823 -0.4982240947 -0.4603176591 -0.3556855800  0.2417177079  0.1557170514 -0.1462193653 -0.0777931682  0.2056690569  0.1229663350  1.0000000000  0.2224862171 -0.1308396840 -0.2077328460 -0.1340524165 -0.1493008075 -0.1288121143 -0.3058987314  0.3990043031  0.1024957897  0.3470880732  0.4509133461  0.3378878970  0.4562504906  0.2976045712 -0.0236738444 -0.1733469100 -0.0411620160  0.3813023941  0.1526016243  0.1561676186  0.1784872593  0.2210912357
-0.0315799777 -0.1850847290  0.0880011311 -0.2038353650 -0.0789181039 -0.1617835901 -0.0434595982 -0.4087837541 -0.1710203778  0.3193660038  0.0720790910 -0.2320537900  0.3871599359 -0.1365665867 -0.2678479065  0.0592304039 -0.1412311602 -0.4891381076 -0.2401346807  0.2224862171  1.0000000000  0.0062503108  0.2245635086  0.6053609544  0.4312612036  0.0550577291  0.3150952522 -0.0254975834 -0.3346366277 -0.0880532963 -0.0691572824  0.0612934753 -0.2308128171  0.2380305089  0.1489013717  0.1196694886 -0.1741180104  0.2749655639  0.2907195107  0.4300071931  0.1418301224  0.0588383083
-0.0791232782 -0.2038519997  0.0945440551 -0.1900775175 -0.0876445565 -0.0449942497  0.0367922367 -0.0563149345 -0.1246314085 -0.2741129327 -0.0169469291 -0.1244887434 -0.2465264690  0.2047473636 -0.0651737252 -0.0637160003 -0.1921224557 -0.0217238138 -0.1195949832 -0.1308396840  0.0062503108  1.0000000000 -0.2188749405 -0.0982931012 -0.0392696114  0.1263700863 -0.1807058062 -0.1882520607 -0.3736049280 -0.0902414980 -0.2192764110 -0.1401692667 -0.2242858380  0.0444876647  0.3689256022  0.4093115667  0.3745631075 -0.1482159291  0.0833557050 -0.0115056584  0.1872503069  0.1641106211
 0.3654907561  0.3865004165  0.1411950854  0.2955940223  0.1261246622  0.1592008144 -0.2436626901 -0.4842006951  0.1289334351  0.1485634391  0.4666326287  0.2421436808  0.5466365543 -0.2778053012 -0.3218734952  0.0852532288  0.1702231352 -0.4972204134 -0.2059113643 -0.2077328460  0.2245635086 -0.2188749405  1.0000000000  0.3225429578  0.5540622350  0.4597129674  0.5555545665  0.0608086608 -0.1641368483  0.0007487478 -0.2617332694  0.1465280202 -0.3270209715 -0.1983114351 -0.2669132056  0.0720269379 -0.0883347084  0.1161591397  0.1470348067  0.1283626071 -0.2758378520 -0.3376411877
-0.0582071456  0.0261495767 -0.2765169879  0.0311286117 -0.0905328135 -0.1552015677 -0.2446896832 -0.3227568445 -0.1525538328  0.6412923490  0.0425264733 -0.1471511287  0.3089190631 -0.2790230536 -0.0615184970  0.2645930522  0.0265704213 -0.3575428669 -0.0330445464 -0.1340524165  0.6053609544 -0.0982931012  0.3225429578  1.0000000000  0.3626206357  0.3342356300  0.4162865661 -0.0119838143 -0.0356502268  0.0965390688  0.0314303032  0.0488497348 -0.0387184459  0.2198977456  0.1006187668 -0.1115601710 -0.0710585206  0.0940503287  0.3759977622  0.2095583703 -0.0539005985 -0.0436874953
 0.0792046479  0.0115834100  0.1308122718  0.0112419495 -0.0614603866 -0.0352431122 -0.2336391880 -0.6711865444 -0.1835265226  0.0773233275  0.2808054984 -0.1025181385  0.6532877392 -0.3036886352 -0.3350113347  0.0351169976  0.1451757070 -0.3171165340  0.0074262621 -0.1493008075  0.4312612036 -0.0392696114  0.5540622350  0.3626206357  1.0000000000  0.5029706221  0.5281051733 -0.2104930567 -0.3565122478 -0.1159852097 -0.1576194094  0.2078237581 -0.2530453619  0.0255986771 -0.2250114792  0.1628362859 -0.1835767522  0.4421657001  0.2783432716  0.2920524966 -0.1569605779 -0.1975176484
-0.1083375015 -0.0179727037 -0.1215271778  0.0264695714 -0.0493903276 -0.0943914570 -0.1720948527 -0.1825662565 -0.2540713938  0.1057311105 -0.0617261968 -0.2551229115  0.0802103423 -0.1441477957  0.0437168110  0.2143209132 -0.0439897621 -0.1506995648  0.0591212306 -0.1288121143  0.0550577291  0.1263700863  0.4597129674  0.3342356300  0.5029706221  1.0000000000  0.2001587740 -0.0164530151 -0.0323473347  0.3858985044  0.0958855803  0.3135905146  0.1336132189  0.1791803711 -0.1674278092  0.2364511998  0.4558463695  0.4518102538  0.6090865136  0.1547658297 -0.0727434796  0.0064708741
 0.5102567368  0.3591937214 -0.1405124766  0.1257151915  0.2885108839  0.4061830995 -0.0422437505 -0.4033491537 -0.0447968928  0.2007028138  0.4308677636  0.1205739650  0.5934153933 -0.0253666592  0.0665382599  0.2676181074  0.4410315155 -0.3849030940 -0.0153686102 -0.3058987314  0.3150952522 -0.1807058062  0.5555545665  0.4162865661  0.5281051733  0.2001587740  1.0000000000  0.1606264132 -0.0749433828  0.0866242097 -0.2649032263  0.0500363524 -0.3850713406 -0.1620775293 -0.4211461802 -0.3217353435 -0.2529009774  0.0993987779 -0.0542798736 -0.0686279662 -0.4093071492 -0.5490996836
 0.1523567638  0.1919383207 -0.0948279911 -0.0703621674  0.4884038534  0.5214558275  0.3582228864  0.3954940648 -0.3952254496 -0.1399639544  0.0908162160 -0.0986756564 -0.2386168378  0.4983346979  0.5828053895  0.3678033626  0.2081287468  0.0461579507  0.0746723551  0.3990043031 -0.0254975834 -0.1882520607  0.0608086608 -0.0119838143 -0.2104930567 -0.0164530151  0.1606264132  1.0000000000  0.4088770425  0.4999235150  0.1577700206  0.1627465369  0.0667444680 -0.0967961350 -0.3753930668 -0.5098542896 -0.2302242826  0.0460317714 -0.1141666537 -0.2339305519 -0.2421088186 -0.2521858566
 0.0111330194  0.2918414249 -0.2995627445  0.0544547107  0.1584354698  0.1059467031 -0.0170486069  0.6633706307 -0.0597056875  0.1940891231 -0.2238916461  0.0668521042 -0.1669619871  0.1791282096  0.5884247863  0.1409180931  0.1237291698  0.0502741950  0.1018666736  0.1024957897 -0.3346366277 -0.3736049280 -0.1641368483 -0.0356502268 -0.3565122478 -0.0323473347 -0.0749433828  0.4088770425  1.0000000000  0.5897071741  0.6268354541  0.1615069268  0.4113265568  0.0102134501 -0.2289132409 -0.3865949578 -0.1202379913  0.0735185748 -0.1174474477 -0.2565512003 -0.2037201315 -0.2213233857
-0.0194934906 -0.0630550510 -0.2117458230 -0.0070020246  0.1588689456  0.1205726591  0.2246103811  0.5432589811 -0.3469871074  0.0247670958 -0.2928951520 -0.3419286542 -0.3557232255  0.3897205796  0.5548090383  0.1516588810 -0.0290749020 -0.0412667579  0.0689257448  0.3470880732 -0.0880532963 -0.0902414980  0.0007487478  0.0965390688 -0.1159852097  0.3858985044  0.0866242097  0.4999235150  0.5897071741  1.0000000000  0.6624652442  0.6110864748  0.5352040582  0.2057470119 -0.3202000020 -0.2574668883  0.2493715541  0.5147036529  0.3674132465  0.0260139771 -0.0023925611 -0.0517151842
-0.4391955418 -0.2768780561 -0.1307333360 -0.1756592977 -0.1543433620 -0.2386049966  0.0679055956  0.5661644208 -0.3284603503  0.1692560913 -0.4322422586 -0.3354328837 -0.2943994626  0.2027574750  0.3782523189 -0.0595067202 -0.1150123512  0.1721394993  0.2468546698  0.4509133461 -0.0691572824 -0.2192764110 -0.2617332694  0.0314303032 -0.1576194094  0.0958855803 -0.2649032263  0.1577700206  0.6268354541  0.6624652442  1.0000000000  0.5104352601  0.7013366720  0.3313323970 -0.0862168954 -0.0597637426  0.0379822684  0.5040383636  0.3560569403  0.0807735953  0.1067846535  0.1982616979
 0.0211861394 -0.4316529443  0.3963687487  0.2033180498 -0.0695149837 -0.1142193362  0.1303834874  0.2387252167 -0.3257412726 -0.0675227847 -0.0908267040 -0.4826075303 -0.1564357094  0.2056770844  0.0751138076 -0.3958611538 -0.3507217942 -0.1446523828 -0.2848544322  0.3378878970  0.0612934753 -0.1401692667  0.1465280202  0.0488497348  0.2078237581  0.3135905146  0.0500363524  0.1627465369  0.1615069268  0.6110864748  0.5104352601  1.0000000000  0.4155115564  0.2882734215 -0.0276106597 -0.1515475714  0.1136102251  0.6548750060  0.5690543304  0.6154414473  0.4925950817  0.3710055765
-0.5132243831 -0.2843751692 -0.2897156969 -0.0120331974 -0.2617810971 -0.3579342136  0.0206748833  0.5329462462 -0.1301576895  0.1158347788 -0.6538800708 -0.3509226046 -0.4922174153  0.0671449196  0.3472634815  0.0362073031 -0.2490297430  0.2786940750  0.2899918740  0.4562504906 -0.2308128171 -0.2242858380 -0.3270209715 -0.0387184459 -0.2530453619  0.1336132189 -0.3850713406  0.0667444680  0.4113265568  0.5352040582  0.7013366720  0.4155115564  1.0000000000  0.4347280582 -0.0441309074 -0.0300711638  0.2753848760  0.4132519025  0.2978789688  0.0292644632  0.1701300842  0.2011213692
-0.3819931952 -0.4862235001 -0.0357597017  0.0082075209 -0.4401868937 -0.5254572914 -0.1282698717  0.2037091726 -0.2490400433  0.0112221836 -0.4739331491 -0.4739578722 -0.1743073372 -0.1057768603  0.1153115077 -0.0942502246 -0.3260663441  0.0028695971 -0.0936042104  0.2976045712  0.2380305089  0.0444876647 -0.1983114351  0.2198977456  0.0255986771  0.1791803711 -0.1620775293 -0.0967961350  0.0102134501  0.2057470119  0.3313323970  0.2882734215  0.4347280582  1.0000000000  0.4751119695  0.0268324190  0.0841460331  0.2916956401  0.4311339228  0.3710390027  0.4770734393  0.4693600031
-0.2528653193 -0.4723441025  0.2612148920  0.1592119350 -0.6228258122 -0.6421414250 -0.2929693027  0.0875338521  0.1466501235 -0.0223698825 -0.2001563630 -0.1108043045 -0.1012222440 -0.2713295853 -0.4480417431 -0.4366126580 -0.5855514622 -0.1102498389 -0.5085916427 -0.0236738444  0.1489013717  0.3689256022 -0.2669132056  0.1006187668 -0.2250114792 -0.1674278092 -0.4211461802 -0.3753930668 -0.2289132409 -0.3202000020 -0.0862168954 -0.0276106597 -0.0441309074  0.4751119695  1.0000000000  0.2573612841  0.1356005407 -0.2962186864  0.2562371023  0.5016695650  0.7490335765  0.6532660648
-0.3092508916 -0.1211182546  0.2033301580 -0.2313374910 -0.3021699232 -0.3520557153 -0.1684679018 -0.2090440582  0.1794712111 -0.0279482956  0.0162904291  0.1650612479 -0.0059530069 -0.1437347673 -0.4195876395 -0.0676981512 -0.3480600604 -0.2397934406 -0.1305554530 -0.1733469100  0.1196694886  0.4093115667  0.0720269379 -0.1115601710  0.1628362859  0.2364511998 -0.3217353435 -0.5098542896 -0.3865949578 -0.2574668883 -0.0597637426 -0.1515475714 -0.0300711638  0.0268324190  0.2573612841  1.0000000000  0.4306118817  0.1402725373  0.2328713599  0.1240316344  0.1425899837  0.1646611920
-0.1782260844 -0.1162962820 -0.0730034147  0.0036025677 -0.2033000315 -0.2544999819 -0.0546683327  0.1600329760  0.1384415963  0.0502285594 -0.2610341915 -0.0501219789 -0.3593256978 -0.0252071292 -0.0067771656  0.0481543762 -0.2849310833 -0.1254852219 -0.1342307302 -0.0411620160 -0.1741180104  0.3745631075 -0.0883347084 -0.0710585206 -0.1835767522  0.4558463695 -0.2529009774 -0.2302242826 -0.1202379913  0.2493715541  0.0379822684  0.1136102251  0.2753848760  0.0841460331  0.1356005407  0.4306118817  1.0000000000  0.0922876157  0.3500561666  0.0540333151  0.2174001406  0.2213978123
-0.2030667259 -0.3532603159  0.1846880343 -0.2077380894 -0.0201392066 -0.1011091229  0.1551594357 -0.0204459568 -0.4682310104  0.0550021020 -0.2488829881 -0.5781816003 -0.0946336825  0.1991648526  0.1245830845 -0.1362208972 -0.1802179872 -0.0976687567  0.0985056324  0.3813023941  0.2749655639 -0.1482159291  0.1161591397  0.0940503287  0.4421657001  0.4518102538  0.0993987779  0.0460317714  0.0735185748  0.5147036529  0.5040383636  0.6548750060  0.4132519025  0.2916956401 -0.2962186864  0.1402725373  0.0922876157  1.0000000000  0.5780138590  0.3536062794  0.1383424968  0.1618842639
-0.2825501860 -0.4862929509  0.1665996882  0.0719087669 -0.3685629928 -0.4634389169 -0.1293518604 -0.0469311218 -0.3401025827  0.2340762877 -0.2167500725 -0.6172464026 -0.1323003401 -0.0770783739 -0.1717170593 -0.1776838986 -0.4582966831 -0.0723192712 -0.1049292126  0.1526016243  0.2907195107  0.0833557050  0.1470348067  0.3759977622  0.2783432716  0.6090865136 -0.0542798736 -0.1141666537 -0.1174474477  0.3674132465  0.3560569403  0.5690543304  0.2978789688  0.4311339228  0.2562371023  0.2328713599  0.3500561666  0.5780138590  1.0000000000  0.6369779200  0.4863937539  0.5295989500
 0.0394842489 -0.5276013952  0.5697713823  0.2712546336 -0.4238344302 -0.5173691347 -0.1838445677 -0.1434528988 -0.1417306618  0.0582825133 -0.0669727707 -0.4221689604  0.0876333674 -0.2394282353 -0.4846684098 -0.5229264484 -0.5444796585 -0.2841679837 -0.5573092254  0.1561676186  0.4300071931 -0.0115056584  0.1283626071  0.2095583703  0.2920524966  0.1547658297 -0.0686279662 -0.2339305519 -0.2565512003  0.0260139771  0.0807735953  0.6154414473  0.0292644632  0.3710390027  0.5016695650  0.1240316344  0.0540333151  0.3536062794  0.6369779200  1.0000000000  0.8043317639  0.6294898979
-0.1274990262 -0.6899492877  0.5531708935  0.1692009508 -0.4645451931 -0.5478735619 -0.0144148936  0.2060276623 -0.0298997478 -0.1437341017 -0.2354526945 -0.3911565699 -0.2950753061 -0.0068706997 -0.3465815194 -0.6292607072 -0.7444560653 -0.0976485635 -0.6088762616  0.1784872593  0.1418301224  0.1872503069 -0.2758378520 -0.0539005985 -0.1569605779 -0.0727434796 -0.4093071492 -0.2421088186 -0.2037201315 -0.0023925611  0.1067846535  0.4925950817  0.1701300842  0.4770734393  0.7490335765  0.1425899837  0.2174001406  0.1383424968  0.4863937539  0.8043317639  1.0000000000  0.8408283208
-0.3302577862 -0.7493990767  0.5065422439 -0.0932680523 -0.3557035207 -0.4573779637  0.1145067583  0.1386845343 -0.2631071557 -0.1101558885 -0.2445864985 -0.4854955627 -0.3986372822  0.0343022654 -0.2733671412 -0.5333520837 -0.5877406498  0.2070806832 -0.3329455493  0.2210912357  0.0588383083  0.1641106211 -0.3376411877 -0.0436874953 -0.1975176484  0.0064708741 -0.5490996836 -0.2521858566 -0.2213233857 -0.0517151842  0.1982616979  0.3710055765  0.2011213692  0.4693600031  0.6532660648  0.1646611920  0.2213978123  0.1618842639  0.5295989500  0.6294898979  0.8408283208  1.0000000000
