 1.000000e+00 -3.440136e-01  3.551083e-01  3.953468e-01  3.531027e-01  1.768292e-01 -7.080767e-02  3.644209e-02  7.205718e-02 -2.224782e-01 -1.755523e-01  4.973962e-02 -1.473613e-01  4.198769e-01  4.339216e-01  2.687347e-01 -5.701377e-02  2.424615e-02 -4.047957e-01  1.865794e-01  1.623784e-01  1.624748e-01  3.072939e-01  1.889062e-01  1.177477e-01 -6.639941e-02  7.873728e-03  1.020000e-01  4.182938e-01  3.689683e-01  2.278248e-01  2.243264e-01  3.280278e-01 -7.949253e-02 -6.744492e-03  1.562507e-01  2.138957e-01 -1.879202e-01 -8.085699e-02 -3.230531e-01 -2.169627e-01 -1.217428e-01
-3.440136e-01  1.000000e+00 -4.786443e-01 -3.600828e-01 -4.881011e-01 -3.498099e-01  1.372834e-01 -2.151518e-02 -4.810471e-02  2.388276e-01  3.441636e-01  1.194834e-01  2.548106e-01 -4.987404e-01 -1.097117e-01 -3.973704e-02 -3.469798e-01 -3.742664e-01  1.407448e-01 -1.915785e-01 -1.252751e-01 -2.524999e-01 -2.327150e-01 -1.354298e-01  1.814704e-02 -1.201528e-01 -1.677809e-01  5.514138e-02 -2.188997e-01 -9.123662e-02 -2.821521e-01 -3.208131e-01 -1.835685e-01  8.750244e-02 -6.796951e-02 -1.184603e-01 -1.718867e-01 -4.788608e-02  1.960052e-01  2.302524e-01  6.869876e-02  1.286924e-02
 3.551083e-01 -4.786443e-01  1.000000e+00  1.707019e-01  5.313074e-01  2.199952e-01 -2.537446e-01 -5.790269e-02  2.356561e-01  3.166173e-03 -2.441843e-01 -1.241592e-01 -3.053414e-01  3.422641e-01  1.605656e-01  1.569832e-01  8.479449e-02 -2.073665e-02 -2.399435e-01  1.418752e-01  1.632157e-01  2.682382e-01  2.270149e-01  2.960779e-01  1.524938e-01 -8.190912e-03  2.870579e-01 -1.235171e-01  2.909921e-01  1.044370e-01  3.463794e-01  3.474484e-01  2.063464e-01 -2.669776e-02  3.901152e-02  2.038539e-01  3.340335e-01 -9.225568e-02 -6.736013e-02 -3.340135e-01  2.023886e-02  1.126255e-01
 3.953468e-01 -3.600828e-01  1.707019e-01  1.000000e+00  3.967132e-01  3.956757e-01 -1.216835e-01 -3.868291e-02 -9.593546e-02 -2.254069e-01 -2.273652e-01 -1.334210e-01 -2.630433e-01  4.338352e-01  2.945495e-01  2.231805e-01  1.741696e-01  2.215676e-01 -2.759908e-01  4.064890e-01  1.289880e-01  3.762850e-01  3.049239e-01  1.290829e-01 -7.788687e-02  5.233794e-02 -2.580193e-02  2.083303e-01  2.272939e-01  2.865101e-01  2.830798e-01  3.258143e-02  2.368540e-01 -2.637631e-01  1.629250e-01  1.344193e-01  1.639410e-01 -1.332452e-01 -2.835620e-01 -3.522859e-01 -4.741759e-01 -3.777583e-01
 3.531027e-01 -4.881011e-01  5.313074e-01  3.967132e-01  1.000000e+00  2.618163e-01 -3.698668e-01  3.615750e-01  6.721522e-02 -1.745890e-01 -2.845678e-01  5.417782e-02 -2.246199e-01  5.037063e-01  2.068250e-01  2.479104e-01  2.838857e-01  3.355930e-01 -3.006597e-01  4.020138e-01  2.131135e-01  3.162439e-01  3.330511e-01  3.265367e-02  9.759484e-02 -1.160439e-01  2.059312e-01  2.720167e-02  3.154883e-01  3.257437e-01  1.707215e-01  1.750445e-01  3.496293e-01 -7.097418e-02  3.873329e-02  2.246721e-01  2.687854e-01 -1.441454e-02 -1.786393e-01 -2.813602e-01 -2.735168e-01 -3.531801e-02
 1.768292e-01 -3.498099e-01  2.199952e-01  3.956757e-01  2.618163e-01  1.000000e+00 -9.326524e-02 -1.756161e-01  8.842603e-05 -2.076152e-01 -1.049459e-01  3.121582e-01  1.360373e-01  2.036553e-01  3.187729e-01  5.088627e-02  1.637245e-01  2.556143e-01 -8.304703e-02  2.421550e-02 -1.834094e-01 -6.980176e-02  3.881339e-01 -2.709197e-01 -4.758511e-02 -1.066818e-01  1.874023e-01  4.441228e-01  1.352789e-01  1.749328e-01 -1.684101e-01 -7.396141e-02  2.025979e-01  6.637601e-02 -1.901466e-01 -4.067731e-01 -2.061676e-01  6.138649e-02 -2.452786e-01 -2.021162e-01 -1.790645e-01 -3.805102e-01
-7.080767e-02  1.372834e-01 -2.537446e-01 -1.216835e-01 -3.698668e-01 -9.326524e-02  1.000000e+00 -2.395967e-01 -1.057896e-03  2.735935e-01  8.044403e-02  2.855621e-01  1.653631e-01 -9.415710e-02  2.075469e-01 -1.415311e-02 -4.667791e-01 -1.857900e-01  1.750701e-02 -8.633329e-02 -1.454885e-01 -2.338710e-01  2.441552e-01 -1.376319e-01  1.319755e-01  4.516781e-02  1.557948e-01  5.792633e-02  9.052104e-02  4.760467e-03  6.403839e-02  1.361696e-01  6.598530e-02  2.513180e-01 -2.122249e-01 -2.120923e-01 -1.511685e-01 -7.420478e-03 -9.393703e-02  1.626461e-01  3.037614e-01  1.827626e-01
 3.644209e-02 -2.151518e-02 -5.790269e-02 -3.868291e-02  3.615750e-01 -1.756161e-01 -2.395967e-01  1.000000e+00 -2.545176e-02 -6.110737e-02 -1.417446e-01  1.358499e-01 -3.894782e-01  2.240210e-02  2.929865e-02  1.832818e-01  7.525392e-02  1.253047e-01 -1.301383e-01  4.772807e-01  8.955447e-02  1.805007e-01  1.445895e-01 -2.191769e-01 -2.015934e-01 -2.647544e-01 -6.785151e-02 -3.415428e-02  1.259131e-01  2.817947e-01 -9.412057e-02 -1.569997e-01  1.060933e-03 -2.508275e-01  1.726447e-01  4.348640e-01  1.264101e-01  1.516239e-01 -4.766060e-02 -3.300283e-01 -4.273422e-01 -9.066014e-02
 7.205718e-02 -4.810471e-02  2.356561e-01 -9.593546e-02  6.721522e-02  8.842603e-05 -1.057896e-03 -2.545176e-02  1.000000e+00  1.996903e-01 -2.338803e-02  1.877108e-01  2.107255e-01 -8.559225e-02  3.121216e-01  4.455530e-02 -1.486972e-01 -1.522201e-01 -4.111753e-01 -1.701294e-01 -1.991757e-02 -4.053432e-01  4.431210e-01  1.895164e-01  3.754507e-01  4.967511e-04  8.233300e-02 -2.143487e-01  3.186927e-01  8.030213e-02 -1.424523e-01 -6.566415e-02  3.132096e-01  4.902232e-01 -4.217918e-01 -9.171247e-02  3.685441e-01 -3.618661e-01  2.384606e-01 -1.196587e-01  2.199299e-01  1.125834e-01
-2.224782e-01  2.388276e-01  3.166173e-03 -2.254069e-01 -1.745890e-01 -2.076152e-01  2.735935e-01 -6.110737e-02  1.996903e-01  1.000000e+00 -3.795294e-02  1.367999e-01  9.894566e-02 -1.452985e-01 -1.164709e-01 -2.814262e-01 -3.444347e-01 -2.236096e-01  2.576989e-02  1.015096e-02 -3.812950e-02 -2.305101e-01  1.941834e-01  5.042322e-02  4.544680e-01  1.464490e-01  1.178328e-01  2.134581e-02 -1.849883e-01 -3.933990e-02 -7.311042e-02 -2.085867e-01 -2.620022e-01  3.329959e-02 -2.895247e-01  2.424840e-01 -4.330527e-02  1.545245e-01  2.846853e-01  1.177102e-01  1.235910e-01  5.220601e-02
-1.755523e-01  3.441636e-01 -2.441843e-01 -2.273652e-01 -2.845678e-01 -1.049459e-01  8.044403e-02 -1.417446e-01 -2.338803e-02 -3.795294e-02  1.000000e+00 -3.928938e-02  2.849401e-02 -2.210213e-01 -1.580664e-01 -1.157084e-01 -8.609841e-02 -1.855197e-01  1.687945e-01 -1.886245e-01 -1.214144e-01 -4.238627e-02 -1.774582e-01 -4.065586e-02 -1.023160e-01  1.391868e-01 -8.437370e-02  4.694612e-02 -1.498879e-01 -1.185785e-01  1.855492e-02  2.671636e-02 -1.268140e-01 -2.850322e-03  8.516467e-02 -1.075290e-01 -1.624267e-01  1.290944e-01 -2.436819e-03  9.948647e-02  1.007246e-01  4.830279e-02
 4.973962e-02  1.194834e-01 -1.241592e-01 -1.334210e-01  5.417782e-02  3.121582e-01  2.855621e-01  1.358499e-01  1.877108e-01  1.367999e-01 -3.928938e-02  1.000000e+00  4.802889e-01  6.909582e-03  5.541209e-01  1.975355e-01 -4.672309e-01 -1.308502e-03 -2.774464e-01 -1.249348e-01 -2.731583e-01 -5.300705e-01  6.026097e-01 -4.906292e-01  3.530832e-01 -1.113375e-01  3.258106e-01  3.942150e-01  2.888574e-01  4.041456e-01 -3.075053e-01 -7.279410e-02  4.821362e-01  5.641831e-01 -5.805363e-01 -4.111198e-01 -1.876366e-01 -6.779558e-02  3.291228e-02 -4.715296e-02  1.774013e-01  3.278390e-02
-1.473613e-01  2.548106e-01 -3.053414e-01 -2.630433e-01 -2.246199e-01  1.360373e-01  1.653631e-01 -3.894782e-01  2.107255e-01  9.894566e-02  2.849401e-02  4.802889e-01  1.000000e+00 -2.469729e-01  2.158067e-01 -1.948377e-01 -1.815304e-01 -8.987275e-02 -9.595303e-02 -6.380553e-01 -4.250925e-01 -7.770730e-01  6.821754e-02 -3.311113e-01  3.882415e-01  9.647337e-03  1.857182e-01  1.104121e-01  1.902658e-02 -4.575635e-02 -5.275878e-01 -2.341199e-01  1.487869e-01  6.045029e-01 -6.028920e-01 -6.013913e-01 -3.602148e-01 -3.189066e-03  3.022442e-01  5.221797e-01  5.347274e-01  1.777595e-01
 4.198769e-01 -4.987404e-01  3.422641e-01  4.338352e-01  5.037063e-01  2.036553e-01 -9.415710e-02  2.240210e-02 -8.559225e-02 -1.452985e-01 -2.210213e-01  6.909582e-03 -2.469729e-01  1.000000e+00  2.105283e-01  2.894871e-01  2.122420e-01  2.358888e-01 -2.381494e-01  2.861121e-01  3.044647e-01  3.438714e-01  3.030804e-01  9.122519e-02  6.400081e-02  7.972960e-02  2.415798e-01  2.158683e-01  1.661201e-01  2.576762e-01  2.419713e-01  4.895385e-01  2.686137e-01 -6.962744e-02  1.641568e-01  1.263866e-01  2.096357e-01 -5.770942e-02 -2.834569e-01 -2.492285e-01 -9.903942e-02  5.147711e-02
 4.339216e-01 -1.097117e-01  1.605656e-01  2.945495e-01  2.068250e-01  3.187729e-01  2.075469e-01  2.929865e-02  3.121216e-01 -1.164709e-01 -1.580664e-01  5.541209e-01  2.158067e-01  2.105283e-01  1.000000e+00  6.543355e-01 -3.853331e-01 -2.062290e-01 -6.137045e-01 -7.596781e-02 -1.621864e-01 -2.236908e-01  6.179435e-01 -1.927226e-01  3.314830e-01  9.050837e-02  4.822017e-01  3.637500e-01  6.916825e-01  6.557465e-01  3.424115e-02  1.425678e-01  5.839868e-01  3.034526e-01 -2.880646e-01 -1.548093e-01  4.928038e-02 -1.764246e-01 -5.517088e-02 -2.936859e-01  6.205082e-02 -1.224493e-03
 2.687347e-01 -3.973704e-02  1.569832e-01  2.231805e-01  2.479104e-01  5.088627e-02 -1.415311e-02  1.832818e-01  4.455530e-02 -2.814262e-01 -1.157084e-01  1.975355e-01 -1.948377e-01  2.894871e-01  6.543355e-01  1.000000e+00 -1.814397e-01 -4.404762e-02 -3.456100e-01  6.737481e-02  4.529077e-02  1.933621e-01  2.212519e-01 -7.458434e-02  2.341200e-02  1.472706e-01  2.060020e-01  3.376358e-01  4.797274e-01  5.803390e-01  1.417278e-01  2.862037e-01  4.114312e-01 -1.386594e-02  1.309641e-01  9.175054e-02  2.154826e-01 -2.634758e-01 -2.667939e-01 -3.735315e-01 -8.602285e-02  8.513476e-04
-5.701377e-02 -3.469798e-01  8.479449e-02  1.741696e-01  2.838857e-01  1.637245e-01 -4.667791e-01  7.525392e-02 -1.486972e-01 -3.444347e-01 -8.609841e-02 -4.672309e-01 -1.815304e-01  2.122420e-01 -3.853331e-01 -1.814397e-01  1.000000e+00  5.992002e-01  1.748407e-01 -3.827893e-02  9.253702e-02  2.873710e-01 -3.314407e-01 -3.298890e-02 -1.190387e-01 -1.298701e-01 -1.030876e-01 -1.642762e-01 -3.246666e-01 -3.369661e-01 -1.017519e-01  1.695368e-01 -4.100111e-02 -2.029204e-01  2.231508e-01  1.556322e-01  4.310539e-02  1.967322e-01 -2.491463e-02  1.812383e-01 -3.470637e-02  4.789134e-02
 2.424615e-02 -3.742664e-01 -2.073665e-02  2.215676e-01  3.355930e-01  2.556143e-01 -1.857900e-01  1.253047e-01 -1.522201e-01 -2.236096e-01 -1.855197e-01 -1.308502e-03 -8.987275e-02  2.358888e-01 -2.062290e-01 -4.404762e-02  5.992002e-01  1.000000e+00  1.991502e-01  2.156785e-01  1.966198e-01  2.134413e-01  9.903545e-02 -2.217954e-02  2.675566e-02 -3.299456e-01 -1.724373e-01 -4.846457e-02 -2.841843e-01 -1.754155e-01 -2.055032e-01  1.213928e-02  2.361340e-01  6.584064e-02 -9.059872e-02  7.272569e-03  2.747855e-01 -1.456234e-01 -2.821286e-01  1.926855e-02 -1.490164e-01 -7.062991e-02
-4.047957e-01  1.407448e-01 -2.399435e-01 -2.759908e-01 -3.006597e-01 -8.304703e-02  1.750701e-02 -1.301383e-01 -4.111753e-01  2.576989e-02  1.687945e-01 -2.774464e-01 -9.595303e-02 -2.381494e-01 -6.137045e-01 -3.456100e-01  1.748407e-01  1.991502e-01  1.000000e+00 -1.064730e-01  1.465506e-02  1.781000e-01 -4.679628e-01 -1.256921e-01 -3.171120e-01 -3.914156e-02 -3.384978e-01  2.333520e-02 -7.220153e-01 -4.986625e-01 -1.818811e-01 -1.816635e-01 -5.180806e-01 -2.963151e-01  2.523762e-01 -9.832825e-02 -2.286126e-01  2.162389e-01 -3.167383e-01  1.720252e-01  4.064118e-02 -7.382205e-03
 1.865794e-01 -1.915785e-01  1.418752e-01  4.064890e-01  4.020138e-01  2.421550e-02 -8.633329e-02  4.772807e-01 -1.701294e-01  1.015096e-02 -1.886245e-01 -1.249348e-01 -6.380553e-01  2.861121e-01 -7.596781e-02  6.737481e-02 -3.827893e-02  2.156785e-01 -1.064730e-01  1.000000e+00  5.508745e-01  6.172115e-01  3.198904e-01  3.311129e-01 -2.540885e-01 -2.851068e-01 -2.027582e-01  5.074120e-02  8.883635e-02  2.516873e-01  2.952653e-01 -1.792350e-01 -7.726440e-02 -4.323616e-01  3.344842e-01  3.845688e-01  4.394178e-01 -2.105338e-01 -3.503531e-01 -5.559924e-01 -8.035533e-01 -4.392634e-01
 1.623784e-01 -1.252751e-01  1.632157e-01  1.289880e-01  2.131135e-01 -1.834094e-01 -1.454885e-01  8.955447e-02 -1.991757e-02 -3.812950e-02 -1.214144e-01 -2.731583e-01 -4.250925e-01  3.044647e-01 -1.621864e-01  4.529077e-02  9.253702e-02  1.966198e-01  1.465506e-02  5.508745e-01  1.000000e+00  5.350928e-01 -1.381954e-02  6.802432e-01  2.375929e-02 -2.601111e-01 -2.220225e-01 -6.167949e-02 -4.394448e-02 -1.762358e-02  2.706202e-01  8.982396e-02 -1.377329e-01 -1.911167e-01  2.446336e-01  2.422769e-01  6.369272e-01 -4.017959e-01 -3.149056e-01 -4.492207e-01 -4.187773e-01 -2.678616e-01
 1.624748e-01 -2.524999e-01  2.682382e-01  3.762850e-01  3.162439e-01 -6.980176e-02 -2.338710e-01  1.805007e-01 -4.053432e-01 -2.305101e-01 -4.238627e-02 -5.300705e-01 -7.770730e-01  3.438714e-01 -2.236908e-01  1.933621e-01  2.873710e-01  2.134413e-01  1.781000e-01  6.172115e-01  5.350928e-01  1.000000e+00 -1.685157e-01  4.202510e-01 -3.269870e-01  7.922356e-03 -1.098805e-01  9.261101e-02 -8.761968e-02  5.568283e-03  6.187799e-01  2.363168e-01 -1.680050e-01 -6.234295e-01  7.479376e-01  4.916482e-01  3.752054e-01  4.336327e-02 -4.783913e-01 -3.587117e-01 -4.818143e-01 -1.231388e-01
 3.072939e-01 -2.327150e-01  2.270149e-01  3.049239e-01  3.330511e-01  3.881339e-01  2.441552e-01  1.445895e-01  4.431210e-01  1.941834e-01 -1.774582e-01  6.026097e-01  6.821754e-02  3.030804e-01  6.179435e-01  2.212519e-01 -3.314407e-01  9.903545e-02 -4.679628e-01  3.198904e-01 -1.381954e-02 -1.685157e-01  1.000000e+00 -9.185113e-02  3.828123e-01 -1.630448e-01  2.357565e-01  2.365142e-01  4.649589e-01  4.215555e-01 -3.052300e-02 -3.252463e-04  5.523609e-01  3.296417e-01 -4.291090e-01 -6.798321e-02  2.552441e-01 -2.458183e-01 -1.879315e-01 -3.598827e-01 -1.377192e-01 -1.053596e-01
 1.889062e-01 -1.354298e-01  2.960779e-01  1.290829e-01  3.265367e-02 -2.709197e-01 -1.376319e-01 -2.191769e-01  1.895164e-01  5.042322e-02 -4.065586e-02 -4.906292e-01 -3.311113e-01  9.122519e-02 -1.927226e-01 -7.458434e-02 -3.298890e-02 -2.217954e-02 -1.256921e-01  3.311129e-01  6.802432e-01  4.202510e-01 -9.185113e-02  1.000000e+00  7.309421e-02 -8.181386e-02 -2.404981e-01 -3.532003e-01  8.953380e-02 -1.842262e-01  4.902945e-01  5.893951e-02 -9.067601e-02 -7.235922e-02  1.729057e-01  2.288294e-01  6.803675e-01 -4.184812e-01 -8.449113e-02 -2.450511e-01 -1.987112e-01 -1.780910e-01
 1.177477e-01  1.814704e-02  1.524938e-01 -7.788687e-02  9.759484e-02 -4.758511e-02  1.319755e-01 -2.015934e-01  3.754507e-01  4.544680e-01 -1.023160e-01  3.530832e-01  3.882415e-01  6.400081e-02  3.314830e-01  2.341200e-02 -1.190387e-01  2.675566e-02 -3.171120e-01 -2.540885e-01  2.375929e-02 -3.269870e-01  3.828123e-01  7.309421e-02  1.000000e+00 -1.137132e-02  3.550365e-01 -1.605398e-02  1.730925e-01  8.945787e-02 -1.001881e-01  8.422214e-02  3.481168e-01  4.590432e-01 -6.084327e-01  1.154791e-01  2.220731e-01 -1.266530e-01  2.036204e-01  1.023096e-01  3.796239e-01  2.429629e-01
-6.639941e-02 -1.201528e-01 -8.190912e-03  5.233794e-02 -1.160439e-01 -1.066818e-01  4.516781e-02 -2.647544e-01  4.967511e-04  1.464490e-01  1.391868e-01 -1.113375e-01  9.647337e-03  7.972960e-02  9.050837e-02  1.472706e-01 -1.298701e-01 -3.299456e-01 -3.914156e-02 -2.851068e-01 -2.601111e-01  7.922356e-03 -1.630448e-01 -8.181386e-02 -1.137132e-02  1.000000e+00  2.778550e-01  2.313150e-01  1.019400e-01  2.379422e-01  3.398687e-01  2.377467e-01 -1.679289e-01 -2.188886e-01  1.893391e-01  9.438354e-02 -4.124854e-01  3.862326e-01  2.061265e-01  1.826091e-01  1.528039e-01  4.152467e-02
 7.873728e-03 -1.677809e-01  2.870579e-01 -2.580193e-02  2.059312e-01  1.874023e-01  1.557948e-01 -6.785151e-02  8.233300e-02  1.178328e-01 -8.437370e-02  3.258106e-01  1.857182e-01  2.415798e-01  4.822017e-01  2.060020e-01 -1.030876e-01 -1.724373e-01 -3.384978e-01 -2.027582e-01 -2.220225e-01 -1.098805e-01  2.357565e-01 -2.404981e-01  3.550365e-01  2.778550e-01  1.000000e+00  2.030053e-01  2.957968e-01  3.379536e-01  1.566720e-01  3.103456e-01  2.941469e-01  2.336574e-01 -1.655000e-01 -2.085097e-02 -1.424043e-01  2.811406e-01  1.307569e-01  5.314382e-02  3.782724e-01  4.097677e-01
 1.020000e-01  5.514138e-02 -1.235171e-01  2.083303e-01  2.720167e-02  4.441228e-01  5.792633e-02 -3.415428e-02 -2.143487e-01  2.134581e-02  4.694612e-02  3.942150e-01  1.104121e-01  2.158683e-01  3.637500e-01  3.376358e-01 -1.642762e-01 -4.846457e-02  2.333520e-02  5.074120e-02 -6.167949e-02  9.261101e-02  2.365142e-01 -3.532003e-01 -1.605398e-02  2.313150e-01  2.030053e-01  1.000000e+00  6.905508e-02  5.424023e-01 -3.270244e-02  2.148404e-02 -7.358137e-03 -1.611248e-01  1.409732e-01 -2.846560e-01 -3.243762e-01  2.163570e-01 -3.187399e-01 -1.926130e-01 -1.765317e-01 -2.850383e-01
 4.182938e-01 -2.188997e-01  2.909921e-01  2.272939e-01  3.154883e-01  1.352789e-01  9.052104e-02  1.259131e-01  3.186927e-01 -1.849883e-01 -1.498879e-01  2.888574e-01  1.902658e-02  1.661201e-01  6.916825e-01  4.797274e-01 -3.246666e-01 -2.841843e-01 -7.220153e-01  8.883635e-02 -4.394448e-02 -8.761968e-02  4.649589e-01  8.953380e-02  1.730925e-01  1.019400e-01  2.957968e-01  6.905508e-02  1.000000e+00  6.052391e-01  3.724617e-01  2.800223e-01  5.317823e-01  2.714561e-01 -1.796014e-01 -8.029657e-02  1.526198e-01 -1.348514e-01  1.501809e-01 -1.620327e-01 -3.348638e-02 -4.311304e-02
 3.689683e-01 -9.123662e-02  1.044370e-01  2.865101e-01  3.257437e-01  1.749328e-01  4.760467e-03  2.817947e-01  8.030213e-02 -3.933990e-02 -1.185785e-01  4.041456e-01 -4.575635e-02  2.576762e-01  6.557465e-01  5.803390e-01 -3.369661e-01 -1.754155e-01 -4.986625e-01  2.516873e-01 -1.762358e-02  5.568283e-03  4.215555e-01 -1.842262e-01  8.945787e-02  2.379422e-01  3.379536e-01  5.424023e-01  6.052391e-01  1.000000e+00  1.796292e-01  1.082678e-01  3.785639e-01  3.106841e-02  8.671773e-04 -5.317236e-02 -2.654742e-02 -7.404061e-02 -5.398217e-03 -3.522345e-01 -2.435537e-01 -1.602370e-01
 2.278248e-01 -2.821521e-01  3.463794e-01  2.830798e-01  1.707215e-01 -1.684101e-01  6.403839e-02 -9.412057e-02 -1.424523e-01 -7.311042e-02  1.855492e-02 -3.075053e-01 -5.275878e-01  2.419713e-01  3.424115e-02  1.417278e-01 -1.017519e-01 -2.055032e-01 -1.818811e-01  2.952653e-01  2.706202e-01  6.187799e-01 -3.052300e-02  4.902945e-01 -1.001881e-01  3.398687e-01  1.566720e-01 -3.270244e-02  3.724617e-01  1.796292e-01  1.000000e+00  5.190727e-01  1.142159e-01 -2.249563e-01  4.921118e-01  2.522081e-01  2.107288e-01  1.243225e-01 -1.478582e-01 -1.337974e-01 -9.403539e-02  7.106118e-02
 2.243264e-01 -3.208131e-01  3.474484e-01  3.258143e-02  1.750445e-01 -7.396141e-02  1.361696e-01 -1.569997e-01 -6.566415e-02 -2.085867e-01  2.671636e-02 -7.279410e-02 -2.341199e-01  4.895385e-01  1.425678e-01  2.862037e-01  1.695368e-01  1.213928e-02 -1.816635e-01 -1.792350e-01  8.982396e-02  2.363168e-01 -3.252463e-04  5.893951e-02  8.422214e-02  2.377467e-01  3.103456e-01  2.148404e-02  2.800223e-01  1.082678e-01  5.190727e-01  1.000000e+00  4.115037e-01  1.252549e-01  1.533104e-01  6.277888e-02  9.061127e-02  8.590556e-02 -1.155136e-01  1.037289e-01  3.795839e-01  3.977745e-01
 3.280278e-01 -1.835685e-01  2.063464e-01  2.368540e-01  3.496293e-01  2.025979e-01  6.598530e-02  1.060933e-03  3.132096e-01 -2.620022e-01 -1.268140e-01  4.821362e-01  1.487869e-01  2.686137e-01  5.839868e-01  4.114312e-01 -4.100111e-02  2.361340e-01 -5.180806e-01 -7.726440e-02 -1.377329e-01 -1.680050e-01  5.523609e-01 -9.067601e-02  3.481168e-01 -1.679289e-01  2.941469e-01 -7.358137e-03  5.317823e-01  3.785639e-01  1.142159e-01  4.115037e-01  1.000000e+00  6.414326e-01 -4.146707e-01 -2.070555e-01  2.810640e-01 -3.523857e-01 -2.676198e-02 -2.921137e-02  2.379430e-01  2.365588e-01
-7.949253e-02  8.750244e-02 -2.669776e-02 -2.637631e-01 -7.097418e-02  6.637601e-02  2.513180e-01 -2.508275e-01  4.902232e-01  3.329959e-02 -2.850322e-03  5.641831e-01  6.045029e-01 -6.962744e-02  3.034526e-01 -1.386594e-02 -2.029204e-01  6.584064e-02 -2.963151e-01 -4.323616e-01 -1.911167e-01 -6.234295e-01  3.296417e-01 -7.235922e-02  4.590432e-01 -2.188886e-01  2.336574e-01 -1.611248e-01  2.714561e-01  3.106841e-02 -2.249563e-01  1.252549e-01  6.414326e-01  1.000000e+00 -6.992557e-01 -5.336369e-01  1.296853e-01 -3.478151e-01  2.099115e-01  3.181417e-01  6.190809e-01  3.683217e-01
-6.744492e-03 -6.796951e-02  3.901152e-02  1.629250e-01  3.873329e-02 -1.901466e-01 -2.122249e-01  1.726447e-01 -4.217918e-01 -2.895247e-01  8.516467e-02 -5.805363e-01 -6.028920e-01  1.641568e-01 -2.880646e-01  1.309641e-01  2.231508e-01 -9.059872e-02  2.523762e-01  3.344842e-01  2.446336e-01  7.479376e-01 -4.291090e-01  1.729057e-01 -6.084327e-01  1.893391e-01 -1.655000e-01  1.409732e-01 -1.796014e-01  8.671773e-04  4.921118e-01  1.533104e-01 -4.146707e-01 -6.992557e-01  1.000000e+00  2.790452e-01  7.150838e-03  2.845134e-01 -3.474892e-01 -1.640393e-01 -3.132531e-01  5.398069e-03
 1.562507e-01 -1.184603e-01  2.038539e-01  1.344193e-01  2.246721e-01 -4.067731e-01 -2.120923e-01  4.348640e-01 -9.171247e-02  2.424840e-01 -1.075290e-01 -4.111198e-01 -6.013913e-01  1.263866e-01 -1.548093e-01  9.175054e-02  1.556322e-01  7.272569e-03 -9.832825e-02  3.845688e-01  2.422769e-01  4.916482e-01 -6.798321e-02  2.288294e-01  1.154791e-01  9.438354e-02 -2.085097e-02 -2.846560e-01 -8.029657e-02 -5.317236e-02  2.522081e-01  6.277888e-02 -2.070555e-01 -5.336369e-01  2.790452e-01  1.000000e+00  2.976973e-01  1.188825e-01  5.760655e-02 -2.438256e-01 -3.061955e-01  6.128978e-02
 2.138957e-01 -1.718867e-01  3.340335e-01  1.639410e-01  2.687854e-01 -2.061676e-01 -1.511685e-01  1.264101e-01  3.685441e-01 -4.330527e-02 -1.624267e-01 -1.876366e-01 -3.602148e-01  2.096357e-01  4.928038e-02  2.154826e-01  4.310539e-02  2.747855e-01 -2.286126e-01  4.394178e-01  6.369272e-01  3.752054e-01  2.552441e-01  6.803675e-01  2.220731e-01 -4.124854e-01 -1.424043e-01 -3.243762e-01  1.526198e-01 -2.654742e-02  2.107288e-01  9.061127e-02  2.810640e-01  1.296853e-01  7.150838e-03  2.976973e-01  1.000000e+00 -7.103493e-01 -2.095405e-01 -4.102151e-01 -1.795079e-01  4.594388e-02
-1.879202e-01 -4.788608e-02 -9.225568e-02 -1.332452e-01 -1.441454e-02  6.138649e-02 -7.420478e-03  1.516239e-01 -3.618661e-01  1.545245e-01  1.290944e-01 -6.779558e-02 -3.189066e-03 -5.770942e-02 -1.764246e-01 -2.634758e-01  1.967322e-01 -1.456234e-01  2.162389e-01 -2.105338e-01 -4.017959e-01  4.336327e-02 -2.458183e-01 -4.184812e-01 -1.266530e-01  3.862326e-01  2.811406e-01  2.163570e-01 -1.348514e-01 -7.404061e-02  1.243225e-01  8.590556e-02 -3.523857e-01 -3.478151e-01  2.845134e-01  1.188825e-01 -7.103493e-01  1.000000e+00  8.799683e-02  3.333564e-01  1.062043e-01  8.844389e-02
-8.085699e-02  1.960052e-01 -6.736013e-02 -2.835620e-01 -1.786393e-01 -2.452786e-01 -9.393703e-02 -4.766060e-02  2.384606e-01  2.846853e-01 -2.436819e-03  3.291228e-02  3.022442e-01 -2.834569e-01 -5.517088e-02 -2.667939e-01 -2.491463e-02 -2.821286e-01 -3.167383e-01 -3.503531e-01 -3.149056e-01 -4.783913e-01 -1.879315e-01 -8.449113e-02  2.036204e-01  2.061265e-01  1.307569e-01 -3.187399e-01  1.501809e-01 -5.398217e-03 -1.478582e-01 -1.155136e-01 -2.676198e-02  2.099115e-01 -3.474892e-01  5.760655e-02 -2.095405e-01  8.799683e-02  1.000000e+00  4.241390e-01  2.332630e-01  1.544596e-01
-3.230531e-01  2.302524e-01 -3.340135e-01 -3.522859e-01 -2.813602e-01 -2.021162e-01  1.626461e-01 -3.300283e-01 -1.196587e-01  1.177102e-01  9.948647e-02 -4.715296e-02  5.221797e-01 -2.492285e-01 -2.936859e-01 -3.735315e-01  1.812383e-01  1.926855e-02  1.720252e-01 -5.559924e-01 -4.492207e-01 -3.587117e-01 -3.598827e-01 -2.450511e-01  1.023096e-01  1.826091e-01  5.314382e-02 -1.926130e-01 -1.620327e-01 -3.522345e-01 -1.337974e-01  1.037289e-01 -2.921137e-02  3.181417e-01 -1.640393e-01 -2.438256e-01 -4.102151e-01  3.333564e-01  4.241390e-01  1.000000e+00  5.766798e-01  4.086462e-01
-2.169627e-01  6.869876e-02  2.023886e-02 -4.741759e-01 -2.735168e-01 -1.790645e-01  3.037614e-01 -4.273422e-01  2.199299e-01  1.235910e-01  1.007246e-01  1.774013e-01  5.347274e-01 -9.903942e-02  6.205082e-02 -8.602285e-02 -3.470637e-02 -1.490164e-01  4.064118e-02 -8.035533e-01 -4.187773e-01 -4.818143e-01 -1.377192e-01 -1.987112e-01  3.796239e-01  1.528039e-01  3.782724e-01 -1.765317e-01 -3.348638e-02 -2.435537e-01 -9.403539e-02  3.795839e-01  2.379430e-01  6.190809e-01 -3.132531e-01 -3.061955e-01 -1.795079e-01  1.062043e-01  2.332630e-01  5.766798e-01  1.000000e+00  7.970694e-01
-1.217428e-01  1.286924e-02  1.126255e-01 -3.777583e-01 -3.531801e-02 -3.805102e-01  1.827626e-01 -9.066014e-02  1.125834e-01  5.220601e-02  4.830279e-02  3.278390e-02  1.777595e-01  5.147711e-02 -1.224493e-03  8.513476e-04  4.789134e-02 -7.062991e-02 -7.382205e-03 -4.392634e-01 -2.678616e-01 -1.231388e-01 -1.053596e-01 -1.780910e-01  2.429629e-01  4.152467e-02  4.097677e-01 -2.850383e-01 -4.311304e-02 -1.602370e-01  7.106118e-02  3.977745e-01  2.365588e-01  3.683217e-01  5.398069e-03  6.128978e-02  4.594388e-02  8.844389e-02  1.544596e-01  4.086462e-01  7.970694e-01  1.000000e+00
