 1.000000000  0.657653915  0.443678308  0.432431391  0.318882182  0.728055493  0.597856454  0.310762796  0.280216399  0.208186346  0.388855946  0.420289042  0.266653677  0.256350356  0.201716317  0.392582870 -0.138666480 -0.134649277 -0.547151555  0.439543295  0.643893397  0.589755002  0.403363733  0.594821062  0.054855812  0.623975351  0.353461857  0.715636358  0.219744667  0.173805470  0.385093941  0.569651809  0.542490915  0.412011471  0.231680293  0.444935347  0.394949169  0.486708388  0.632149250  0.514336270  0.113132815  0.614667012
 0.657653915  1.000000000  0.566615742  0.533490780  0.353058877  0.915739620  0.697862091  0.514153239  0.834925312  0.400355325  0.756912319  0.674248384  0.552881061  0.182926137  0.072995919  0.315036599 -0.161754006 -0.390799200 -0.576105207  0.595425522  0.530996305  0.614016589  0.877388129  0.445540992  0.172023370  0.404462305 -0.015364135  0.471420370  0.394352765  0.536989486  0.298720602  0.465446151  0.739749311  0.392263215 -0.015092107  0.307691774  0.085806983  0.571553583  0.517364014  0.383568730 -0.247438865  0.161575799
 0.443678308  0.566615742  1.000000000  0.580588436  0.182286378  0.385916156  0.482265793  0.032699626  0.550412841 -0.107647599  0.353196731  0.329131463  0.310918736  0.454707551  0.247407441  0.302482335 -0.324388458  0.002013057 -0.294574469  0.040307197  0.017726189  0.173473357  0.558484092  0.018903414 -0.055925916  0.077015614 -0.054155270  0.328414338  0.448024700  0.442438583 -0.057270650  0.103931590  0.205236278 -0.088515541 -0.206972132  0.142356316 -0.016943154  0.314432943  0.083970148  0.112809222 -0.302973923  0.063084346
 0.432431391  0.533490780  0.580588436  1.000000000  0.380817282  0.396729032  0.857164775  0.353052435  0.603645780 -0.212907273  0.285546005  0.534238075  0.235235018  0.803026583  0.767504511  0.801371342 -0.690183580 -0.084481376 -0.382231542  0.445746221  0.044520056  0.323795611  0.564151580 -0.003799607 -0.449424752 -0.153272702 -0.166211268  0.518814018  0.748461403  0.629956825  0.148971392  0.116927586  0.349862013 -0.031679557  0.070449997 -0.079230810 -0.213311928  0.256304325  0.018460775 -0.017788349 -0.330267519  0.290610316
 0.318882182  0.353058877  0.182286378  0.380817282  1.000000000  0.302450554  0.368352425  0.414043447  0.272807447  0.056351260  0.374156140  0.427754221  0.257294103  0.093140144  0.202950682  0.262179838 -0.129763056 -0.294278615 -0.039296042  0.449796137  0.301713795  0.356677696  0.360970103  0.184567986  0.009084221  0.108723293  0.105595424  0.254995438  0.157092236  0.163924370  0.277968276  0.326091718  0.229231332  0.290070755  0.361717932 -0.055894881 -0.098402698  0.098399088  0.290242515  0.123915319  0.126042692  0.034608185
 0.728055493  0.915739620  0.385916156  0.396729032  0.302450554  1.000000000  0.651443087  0.541170118  0.676466042  0.506827290  0.737845968  0.657192220  0.538770931  0.061427775 -0.035857915  0.262402641 -0.020034492 -0.432220431 -0.647596946  0.623733342  0.635772844  0.677542502  0.717919515  0.629578582  0.303200814  0.619107923  0.170472638  0.593151676  0.255287908  0.432535037  0.343666510  0.535892487  0.814548610  0.481041839 -0.019283234  0.389070182  0.235374163  0.630126715  0.671019780  0.550119582 -0.134160712  0.227980907
 0.597856454  0.697862091  0.482265793  0.857164775  0.368352425  0.651443087  1.000000000  0.372756405  0.718389159  0.094150371  0.386325314  0.516343857  0.236157256  0.671007034  0.664898742  0.827341814 -0.684787210 -0.201734997 -0.652942063  0.571835988  0.320761891  0.439141428  0.649156683  0.300295504 -0.292716405  0.150388337 -0.067488247  0.675350911  0.787467331  0.757666308  0.389834184  0.372770292  0.573125496  0.184144801  0.054303576  0.096851824  0.032871822  0.388632338  0.248766087  0.104069629 -0.277843104  0.377452417
 0.310762796  0.514153239  0.032699626  0.353052435  0.414043447  0.541170118  0.372756405  1.000000000  0.340106974  0.256124131  0.727782426  0.741543683  0.655574113 -0.142002371 -0.061361336  0.101104347  0.195099757 -0.647066152 -0.002125257  0.803052664  0.335214281  0.659825786  0.516590511  0.211484538  0.260990256  0.232601960  0.194676983  0.198139903 -0.116120439  0.093606881  0.184232443  0.332331088  0.496609381  0.339154478  0.393078192 -0.251153589 -0.368098789  0.177231818  0.396599280  0.334772168 -0.089061284 -0.007945681
 0.280216399  0.834925312  0.550412841  0.603645780  0.272807447  0.676466042  0.718389159  0.340106974  1.000000000  0.309936169  0.571165163  0.515094905  0.398290742  0.367166769  0.259588159  0.438248846 -0.440931118 -0.364149944 -0.530802000  0.479191767  0.258124463  0.355687204  0.883242294  0.222160341 -0.027287472  0.075348457 -0.314881827  0.272282469  0.650231229  0.797272882  0.268732175  0.280829694  0.590722830  0.183390793 -0.198138337  0.143621722 -0.044823423  0.465602906  0.178342422 -0.003879180 -0.388151085 -0.089222252
 0.208186346  0.400355325 -0.107647599 -0.212907273  0.056351260  0.506827290  0.094150371  0.256124131  0.309936169  1.000000000  0.307960344  0.082738320  0.062649846 -0.361604011 -0.343600217 -0.121311527  0.181363389 -0.582859277 -0.441562315  0.385360220  0.600937930  0.296295680  0.224879950  0.687950730  0.446410339  0.544642375  0.123764669  0.054884844 -0.045685182  0.192026396  0.432956286  0.445056856  0.552013096  0.529627327 -0.068111434  0.344046289  0.352051457  0.329596889  0.531449955  0.294112172  0.112112953  0.037124517
 0.388855946  0.756912319  0.353196731  0.285546005  0.374156140  0.737845968  0.386325314  0.727782426  0.571165163  0.307960344  1.000000000  0.817467479  0.846676936 -0.214036993 -0.273202162 -0.048373512  0.269480771 -0.596555850 -0.201999087  0.627604456  0.426953826  0.613405315  0.752289111  0.333589932  0.512246220  0.416010913  0.173245859  0.279207261 -0.063642224  0.260371072  0.175286157  0.408699839  0.601822594  0.420741288  0.138893520  0.016340952 -0.126822412  0.341580090  0.542994499  0.559490662 -0.077339575 -0.147887431
 0.420289042  0.674248384  0.329131463  0.534238075  0.427754221  0.657192220  0.516343857  0.741543683  0.515094905  0.082738320  0.817467479  1.000000000  0.804877314  0.123361494  0.073471225  0.231659652  0.099641902 -0.430944046 -0.188487639  0.666377045  0.348013067  0.690990465  0.673175516  0.235573969  0.311894169  0.206112799  0.193028051  0.511559276  0.092724201  0.271273659  0.019334276  0.205334064  0.548983993  0.309806480  0.125767509  0.034839078 -0.169125910  0.409688827  0.470033643  0.551122012 -0.082629992  0.018464286
 0.266653677  0.552881061  0.310918736  0.235235018  0.257294103  0.538770931  0.236157256  0.655574113  0.398290742  0.062649846  0.846676936  0.804877314  1.000000000 -0.170486327 -0.275446935 -0.127094719  0.367262923 -0.458508619  0.015948430  0.439538798  0.248583889  0.647397183  0.634493438  0.137494317  0.548885966  0.276511726  0.268547530  0.251109835 -0.202252833  0.075260225 -0.080455466  0.221238178  0.362648591  0.288607016  0.146422685 -0.006711093 -0.180001404  0.301943315  0.416811032  0.484995115  0.006558655 -0.254409827
 0.256350356  0.182926137  0.454707551  0.803026583  0.093140144  0.061427775  0.671007034 -0.142002371  0.367166769 -0.361604011 -0.214036993  0.123361494 -0.170486327  1.000000000  0.888713895  0.828413504 -0.825340576  0.278122619 -0.377036235  0.033048106 -0.180711904 -0.038188523  0.210927145 -0.144968119 -0.643326224 -0.310785732 -0.272673862  0.451808965  0.845970726  0.567913525 -0.004564206 -0.146227441  0.059309509 -0.294848140 -0.221458229  0.034883293 -0.037484835  0.160349914 -0.240807111 -0.258771828 -0.364457779  0.343996575
 0.201716317  0.072995919  0.247407441  0.767504511  0.202950682 -0.035857915  0.664898742 -0.061361336  0.259588159 -0.343600217 -0.273202162  0.073471225 -0.275446935  0.888713895  1.000000000  0.921527731 -0.889712953  0.176550480 -0.300274759  0.128210490 -0.103833540  0.007751994  0.085833844 -0.135398314 -0.718400908 -0.312413788 -0.153178226  0.433964508  0.809935265  0.540631682  0.176481907 -0.013554572  0.010683519 -0.148055153  0.088505722 -0.118776490 -0.091418742  0.034700250 -0.205193370 -0.285054662 -0.215553534  0.398160778
 0.392582870  0.315036599  0.302482335  0.801371342  0.262179838  0.262402641  0.827341814  0.101104347  0.438248846 -0.121311527 -0.048373512  0.231659652 -0.127094719  0.828413504  0.921527731  1.000000000 -0.868421823 -0.013622758 -0.553448598  0.366305198  0.138346771  0.206993602  0.251301026  0.132524819 -0.589391098 -0.030370074 -0.045508410  0.591037262  0.838734087  0.706702575  0.370286610  0.258698790  0.309274583  0.057160961  0.104526225  0.042645317  0.070077654  0.244872092  0.034724405 -0.109710550 -0.173235366  0.490083043
-0.138666480 -0.161754006 -0.324388458 -0.690183580 -0.129763056 -0.020034492 -0.684787210  0.195099757 -0.440931118  0.181363389  0.269480771  0.099641902  0.367262923 -0.825340576 -0.889712953 -0.868421823  1.000000000 -0.128796415  0.485227120 -0.118217459  0.060436701  0.097038735 -0.184390593  0.069609849  0.765437637  0.287752840  0.382564557 -0.289881591 -0.926889555 -0.723670690 -0.303396193 -0.065002372 -0.128146918  0.114570893  0.006700226 -0.005783440 -0.033584518 -0.109349065  0.245387461  0.418747287  0.265103431 -0.357938586
-0.134649277 -0.390799200  0.002013057 -0.084481376 -0.294278615 -0.432220431 -0.201734997 -0.647066152 -0.364149944 -0.582859277 -0.596555850 -0.430944046 -0.458508619  0.278122619  0.176550480 -0.013622758 -0.128796415  1.000000000  0.192058386 -0.682571033 -0.565981193 -0.594006595 -0.344205365 -0.504242250 -0.371504062 -0.459463055 -0.235839769 -0.099564294  0.086759721 -0.249575006 -0.448283883 -0.497578844 -0.568218003 -0.670460991 -0.364279419 -0.045409873 -0.055355345 -0.324338067 -0.590892730 -0.378311147 -0.194535448  0.107975248
-0.547151555 -0.576105207 -0.294574469 -0.382231542 -0.039296042 -0.647596946 -0.652942063 -0.002125257 -0.530802000 -0.441562315 -0.201999087 -0.188487639  0.015948430 -0.377036235 -0.300274759 -0.553448598  0.485227120  0.192058386  1.000000000 -0.417461084 -0.554664370 -0.348448723 -0.307989082 -0.641919788  0.156890284 -0.481584638  0.042293178 -0.553403877 -0.584189614 -0.693596603 -0.498659186 -0.445608959 -0.795148835 -0.449287737  0.099552747 -0.637212370 -0.589990352 -0.705427745 -0.481930154 -0.290699057  0.074124926 -0.574899683
 0.439543295  0.595425522  0.040307197  0.445746221  0.449796137  0.623733342  0.571835988  0.803052664  0.479191767  0.385360220  0.627604456  0.666377045  0.439538798  0.033048106  0.128210490  0.366305198 -0.118217459 -0.682571033 -0.417461084  1.000000000  0.654441366  0.682268864  0.509932437  0.536597652  0.074935079  0.368648171  0.113151951  0.355949888  0.165007665  0.391893274  0.560070421  0.555698304  0.784333711  0.604423274  0.470337689  0.137260864  0.076672912  0.436079462  0.583511605  0.344271177  0.123372885  0.305241149
 0.643893397  0.530996305  0.017726189  0.044520056  0.301713795  0.635772844  0.320761891  0.335214281  0.258124463  0.600937930  0.426953826  0.348013067  0.248583889 -0.180711904 -0.103833540  0.138346771  0.060436701 -0.565981193 -0.554664370  0.654441366  1.000000000  0.697305794  0.276422980  0.889497787  0.316517111  0.773218685  0.370822960  0.460984211 -0.013415332  0.169075967  0.674243859  0.723943326  0.725292897  0.890944620  0.437416414  0.635858986  0.658311378  0.620184776  0.889707208  0.583921172  0.478931519  0.420514827
 0.589755002  0.614016589  0.173473357  0.323795611  0.356677696  0.677542502  0.439141428  0.659825786  0.355687204  0.296295680  0.613405315  0.690990465  0.647397183 -0.038188523  0.007751994  0.206993602  0.097038735 -0.594006595 -0.348448723  0.682268864  0.697305794  1.000000000  0.461381889  0.533572116  0.268648804  0.526625785  0.353346302  0.516349591 -0.018765348  0.155433415  0.267268359  0.484328299  0.663560329  0.680128302  0.440392728  0.343945332  0.179118674  0.646015878  0.720933186  0.551357968  0.193529368  0.248452160
 0.403363733  0.877388129  0.558484092  0.564151580  0.360970103  0.717919515  0.649156683  0.516590511  0.883242294  0.224879950  0.752289111  0.673175516  0.634493438  0.210927145  0.085833844  0.251301026 -0.184390593 -0.344205365 -0.307989082  0.509932437  0.276422980  0.461381889  1.000000000  0.175757940  0.153008348  0.105242790 -0.201479999  0.267375328  0.409237787  0.542390972  0.190307730  0.314992340  0.495810560  0.162144178 -0.061232818  0.029350199 -0.174739430  0.310608924  0.220908513  0.113457411 -0.311420966 -0.129451755
 0.594821062  0.445540992  0.018903414 -0.003799607  0.184567986  0.629578582  0.300295504  0.211484538  0.222160341  0.687950730  0.333589932  0.235573969  0.137494317 -0.144968119 -0.135398314  0.132524819  0.069609849 -0.504242250 -0.641919788  0.536597652  0.889497787  0.533572116  0.175757940  1.000000000  0.387087739  0.841629669  0.423989421  0.476442383  0.011624227  0.251909977  0.687804980  0.701738388  0.716212073  0.789227358  0.204335153  0.654776338  0.737633065  0.618963023  0.849278221  0.572413054  0.450432185  0.370566765
 0.054855812  0.172023370 -0.055925916 -0.449424752  0.009084221  0.303200814 -0.292716405  0.260990256 -0.027287472  0.446410339  0.512246220  0.311894169  0.548885966 -0.643326224 -0.718400908 -0.589391098  0.765437637 -0.371504062  0.156890284  0.074935079  0.316517111  0.268648804  0.153008348  0.387087739  1.000000000  0.539315780  0.521741572  0.019664417 -0.596686597 -0.285589261 -0.043410902  0.200958299  0.124395401  0.326727522 -0.084722332  0.132088442  0.161966747  0.142207044  0.503484203  0.539987984  0.279403913 -0.421410273
 0.623975351  0.404462305  0.077015614 -0.153272702  0.108723293  0.619107923  0.150388337  0.232601960  0.075348457  0.544642375  0.416010913  0.206112799  0.276511726 -0.310785732 -0.312413788 -0.030370074  0.287752840 -0.459463055 -0.481584638  0.368648171  0.773218685  0.526625785  0.105242790  0.841629669  0.539315780  1.000000000  0.625639722  0.426777042 -0.221154136  0.041650066  0.516973312  0.737908257  0.569670854  0.711765330  0.206402466  0.546489537  0.648568177  0.538483460  0.860641209  0.671033729  0.418106463  0.291510062
 0.353461857 -0.015364135 -0.054155270 -0.166211268  0.105595424  0.170472638 -0.067488247  0.194676983 -0.314881827  0.123764669  0.173245859  0.193028051  0.268547530 -0.272673862 -0.153178226 -0.045508410  0.382564557 -0.235839769  0.042293178  0.113151951  0.370822960  0.353346302 -0.201479999  0.423989421  0.521741572  0.625639722  1.000000000  0.432876526 -0.412656788 -0.271845432  0.123054244  0.387770994  0.061951823  0.377904068  0.292733416  0.111141300  0.264501648  0.114138388  0.589476908  0.599767845  0.448686294  0.113346369
 0.715636358  0.471420370  0.328414338  0.518814018  0.254995438  0.593151676  0.675350911  0.198139903  0.272282469  0.054884844  0.279207261  0.511559276  0.251109835  0.451808965  0.433964508  0.591037262 -0.289881591 -0.099564294 -0.553403877  0.355949888  0.460984211  0.516349591  0.267375328  0.476442383  0.019664417  0.426777042  0.432876526  1.000000000  0.402370725  0.340639373  0.182752095  0.259080367  0.470128370  0.284410177  0.020417741  0.335530202  0.334247233  0.462535504  0.528609977  0.565340276  0.028324457  0.427752966
 0.219744667  0.394352765  0.448024700  0.748461403  0.157092236  0.255287908  0.787467331 -0.116120439  0.650231229 -0.045685182 -0.063642224  0.092724201 -0.202252833  0.845970726  0.809935265  0.838734087 -0.926889555  0.086759721 -0.584189614  0.165007665 -0.013415332 -0.018765348  0.409237787  0.011624227 -0.596686597 -0.221154136 -0.412656788  0.402370725  1.000000000  0.823116454  0.219794486  0.030967064  0.271700279 -0.126231428 -0.244932974  0.076020429  0.023614193  0.235901007 -0.156438300 -0.287372328 -0.429789537  0.249731492
 0.173805470  0.536989486  0.442438583  0.629956825  0.163924370  0.432535037  0.757666308  0.093606881  0.797272882  0.192026396  0.260371072  0.271273659  0.075260225  0.567913525  0.540631682  0.706702575 -0.723670690 -0.249575006 -0.693596603  0.391893274  0.169075967  0.155433415  0.542390972  0.251909977 -0.285589261  0.041650066 -0.271845432  0.340639373  0.823116454  1.000000000  0.429682817  0.292574703  0.526501939  0.165500877 -0.162117492  0.137426572  0.116593007  0.410759334  0.086442713 -0.102148246 -0.326753142  0.103699877
 0.385093941  0.298720602 -0.057270650  0.148971392  0.277968276  0.343666510  0.389834184  0.184232443  0.268732175  0.432956286  0.175286157  0.019334276 -0.080455466 -0.004564206  0.176481907  0.370286610 -0.303396193 -0.448283883 -0.498659186  0.560070421  0.674243859  0.267268359  0.190307730  0.687804980 -0.043410902  0.516973312  0.123054244  0.182752095  0.219794486  0.429682817  1.000000000  0.835421385  0.488422597  0.679093980  0.518557379  0.269103277  0.492241608  0.222547222  0.486024371  0.091994998  0.448184725  0.370440851
 0.569651809  0.465446151  0.103931590  0.116927586  0.326091718  0.535892487  0.372770292  0.332331088  0.280829694  0.445056856  0.408699839  0.205334064  0.221238178 -0.146227441 -0.013554572  0.258698790 -0.065002372 -0.497578844 -0.445608959  0.555698304  0.723943326  0.484328299  0.314992340  0.701738388  0.200958299  0.737908257  0.387770994  0.259080367  0.030967064  0.292574703  0.835421385  1.000000000  0.514443710  0.696978158  0.520481015  0.317513947  0.460018037  0.314012161  0.640223798  0.314931512  0.477863040  0.361869078
 0.542490915  0.739749311  0.205236278  0.349862013  0.229231332  0.814548610  0.573125496  0.496609381  0.590722830  0.552013096  0.601822594  0.548983993  0.362648591  0.059309509  0.010683519  0.309274583 -0.128146918 -0.568218003 -0.795148835  0.784333711  0.725292897  0.663560329  0.495810560  0.716212073  0.124395401  0.569670854  0.061951823  0.470128370  0.271700279  0.526501939  0.488422597  0.514443710  1.000000000  0.661481018  0.129790477  0.524494546  0.384246504  0.770159857  0.709543056  0.514206625 -0.003635609  0.399885428
 0.412011471  0.392263215 -0.088515541 -0.031679557  0.290070755  0.481041839  0.184144801  0.339154478  0.183390793  0.529627327  0.420741288  0.309806480  0.288607016 -0.294848140 -0.148055153  0.057160961  0.114570893 -0.670460991 -0.449287737  0.604423274  0.890944620  0.680128302  0.162144178  0.789227358  0.326727522  0.711765330  0.377904068  0.284410177 -0.126231428  0.165500877  0.679093980  0.696978158  0.661481018  1.000000000  0.566295518  0.533706703  0.576134694  0.574323612  0.860633144  0.546516759  0.536691784  0.282120933
 0.231680293 -0.015092107 -0.206972132  0.070449997  0.361717932 -0.019283234  0.054303576  0.393078192 -0.198138337 -0.068111434  0.138893520  0.125767509  0.146422685 -0.221458229  0.088505722  0.104526225  0.006700226 -0.364279419  0.099552747  0.470337689  0.437416414  0.440392728 -0.061232818  0.204335153 -0.084722332  0.206402466  0.292733416  0.020417741 -0.244932974 -0.162117492  0.518557379  0.520481015  0.129790477  0.566295518  1.000000000 -0.058490138  0.059040420 -0.017621859  0.347725530  0.143284308  0.565311200  0.343042316
 0.444935347  0.307691774  0.142356316 -0.079230810 -0.055894881  0.389070182  0.096851824 -0.251153589  0.143621722  0.344046289  0.016340952  0.034839078 -0.006711093  0.034883293 -0.118776490  0.042645317 -0.005783440 -0.045409873 -0.637212370  0.137260864  0.635858986  0.343945332  0.029350199  0.654776338  0.132088442  0.546489537  0.111141300  0.335530202  0.076020429  0.137426572  0.269103277  0.317513947  0.524494546  0.533706703 -0.058490138  1.000000000  0.880897182  0.757370669  0.583389667  0.390789664  0.375499206  0.462998958
 0.394949169  0.085806983 -0.016943154 -0.213311928 -0.098402698  0.235374163  0.032871822 -0.368098789 -0.044823423  0.352051457 -0.126822412 -0.169125910 -0.180001404 -0.037484835 -0.091418742  0.070077654 -0.033584518 -0.055355345 -0.589990352  0.076672912  0.658311378  0.179118674 -0.174739430  0.737633065  0.161966747  0.648568177  0.264501648  0.334247233  0.023614193  0.116593007  0.492241608  0.460018037  0.384246504  0.576134694  0.059040420  0.880897182  1.000000000  0.555523044  0.584381610  0.365337880  0.569706472  0.449144191
 0.486708388  0.571553583  0.314432943  0.256304325  0.098399088  0.630126715  0.388632338  0.177231818  0.465602906  0.329596889  0.341580090  0.409688827  0.301943315  0.160349914  0.034700250  0.244872092 -0.109349065 -0.324338067 -0.705427745  0.436079462  0.620184776  0.646015878  0.310608924  0.618963023  0.142207044  0.538483460  0.114138388  0.462535504  0.235901007  0.410759334  0.222547222  0.314012161  0.770159857  0.574323612 -0.017621859  0.757370669  0.555523044  1.000000000  0.640441194  0.453518821  0.076007671  0.325622008
 0.632149250  0.517364014  0.083970148  0.018460775  0.290242515  0.671019780  0.248766087  0.396599280  0.178342422  0.531449955  0.542994499  0.470033643  0.416811032 -0.240807111 -0.205193370  0.034724405  0.245387461 -0.590892730 -0.481930154  0.583511605  0.889707208  0.720933186  0.220908513  0.849278221  0.503484203  0.860641209  0.589476908  0.528609977 -0.156438300  0.086442713  0.486024371  0.640223798  0.709543056  0.860633144  0.347725530  0.583389667  0.584381610  0.640441194  1.000000000  0.793352292  0.436298271  0.312153842
 0.514336270  0.383568730  0.112809222 -0.017788349  0.123915319  0.550119582  0.104069629  0.334772168 -0.003879180  0.294112172  0.559490662  0.551122012  0.484995115 -0.258771828 -0.285054662 -0.109710550  0.418747287 -0.378311147 -0.290699057  0.344271177  0.583921172  0.551357968  0.113457411  0.572413054  0.539987984  0.671033729  0.599767845  0.565340276 -0.287372328 -0.102148246  0.091994998  0.314931512  0.514206625  0.546516759  0.143284308  0.390789664  0.365337880  0.453518821  0.793352292  1.000000000  0.295808884  0.247424783
 0.113132815 -0.247438865 -0.302973923 -0.330267519  0.126042692 -0.134160712 -0.277843104 -0.089061284 -0.388151085  0.112112953 -0.077339575 -0.082629992  0.006558655 -0.364457779 -0.215553534 -0.173235366  0.265103431 -0.194535448  0.074124926  0.123372885  0.478931519  0.193529368 -0.311420966  0.450432185  0.279403913  0.418106463  0.448686294  0.028324457 -0.429789537 -0.326753142  0.448184725  0.477863040 -0.003635609  0.536691784  0.565311200  0.375499206  0.569706472  0.076007671  0.436298271  0.295808884  1.000000000  0.204071161
 0.614667012  0.161575799  0.063084346  0.290610316  0.034608185  0.227980907  0.377452417 -0.007945681 -0.089222252  0.037124517 -0.147887431  0.018464286 -0.254409827  0.343996575  0.398160778  0.490083043 -0.357938586  0.107975248 -0.574899683  0.305241149  0.420514827  0.248452160 -0.129451755  0.370566765 -0.421410273  0.291510062  0.113346369  0.427752966  0.249731492  0.103699877  0.370440851  0.361869078  0.399885428  0.282120933  0.343042316  0.462998958  0.449144191  0.325622008  0.312153842  0.247424783  0.204071161  1.000000000
