 1.0000000000  0.6903401178  0.6800492001  0.1886466066  0.8883186511  0.7104287453  0.5479709152 -0.0654620962 -0.5100457637 -0.4515108466  0.4738716908 -0.3856972239  0.2149457078  0.3002206416 -0.2586215652  0.3603399639 -0.5525399690 -0.4373947077 -0.1049399122 -0.3524709061 -0.7152931901  0.0078153243 -0.5838313246 -0.6955287444 -0.5546779534  0.0210712272 -0.3994688448 -0.4977868681 -0.5242725451 -0.3808954336 -0.4281897663 -0.1268353527 -0.3523752581 -0.3489327709 -0.3831880448  0.2032397427 -0.2084835616 -0.3997998558  0.3023927489 -0.1414226898 -0.3514686666 -0.1525882137
 0.6903401178  1.0000000000  0.8670439600  0.7062679051  0.8342332867  0.9278959611  0.8739464296  0.3102270991 -0.1956423241 -0.0917252600  0.8771469492  0.0357410143  0.4844433345  0.7337703274  0.1891221176  0.6164720036 -0.6589230236 -0.6924672264 -0.2300144796 -0.4224197532 -0.6532645081 -0.1288059198 -0.3950472895 -0.5287918672 -0.2407006024  0.0478485974  0.2193899058 -0.3688691512 -0.2014004209 -0.0352447278 -0.2350007304  0.1148931710 -0.3532953502 -0.0160464300 -0.2183906817  0.1828377214 -0.0398865206 -0.4175518768  0.4467663316  0.2321782840 -0.2970541597 -0.2909671504
 0.6800492001  0.8670439600  1.0000000000  0.7852055181  0.8349656737  0.9652302942  0.9634273480  0.2829373331 -0.2484143476 -0.1944194796  0.7612580081 -0.1603212635  0.3372399898  0.7889797065  0.0948484307  0.4567723031 -0.4742459310 -0.5548678124 -0.2804446244 -0.3684199958 -0.6256839192 -0.0742865080 -0.5878775808 -0.6868524589 -0.3554559238  0.0314600860  0.1483760352 -0.6621891761 -0.4248992421 -0.2021737943 -0.4509398100  0.0952936814 -0.3669740445  0.0143720592 -0.1080694086  0.4033486949  0.0910456615 -0.5995283080  0.3583447039  0.1184980738 -0.3888068770 -0.3661900250
 0.1886466066  0.7062679051  0.7852055181  1.0000000000  0.4414909008  0.7709520688  0.8871597912  0.4245051770  0.1646336795  0.1498418388  0.7938342218  0.1860664575  0.3991566167  0.8848664804  0.4288781657  0.3721282661 -0.3204896168 -0.5154995622 -0.3717644810 -0.3070134575 -0.2930134640 -0.0845209812 -0.1999986511 -0.2616770512  0.0492110807  0.0147296278  0.5237437595 -0.4474414937 -0.0890066036  0.1508401449 -0.1599439693  0.2968348353 -0.2302924711  0.3554340833  0.2046271597  0.3882126108  0.2538341247 -0.4517821032  0.2917142516  0.3274887009 -0.2390926097 -0.4628338925
 0.8883186511  0.8342332867  0.8349656737  0.4414909008  1.0000000000  0.8515050013  0.7444772180  0.0749726215 -0.3583925812 -0.3695243640  0.6561816906 -0.2512239777  0.3408410202  0.5485476005 -0.0541574926  0.4336637584 -0.5292859366 -0.5241694057 -0.2107124112 -0.3878153445 -0.7771986310 -0.1065447879 -0.5949397445 -0.7440012475 -0.4742663625  0.0570533469 -0.1328394751 -0.5433016875 -0.4316461428 -0.2651104420 -0.4670048222 -0.0215603168 -0.4793000613 -0.2022194801 -0.3352626188  0.2409739039 -0.1018823799 -0.5049998627  0.4363342726 -0.0218766008 -0.4105260013 -0.2998812514
 0.7104287453  0.9278959611  0.9652302942  0.7709520688  0.8515050013  1.0000000000  0.9584354471  0.2392735838 -0.2294871690 -0.1778253492  0.8571949886 -0.0873963546  0.3880075582  0.7719065586  0.1161196226  0.5584695343 -0.6014020482 -0.6811446780 -0.2276341870 -0.4707264835 -0.6771369446 -0.0870663586 -0.4973694214 -0.6192401356 -0.3088447192  0.0308862840  0.1417670926 -0.5802488236 -0.3526171727 -0.1433798589 -0.3324655996  0.0919793981 -0.3497794003 -0.0216968199 -0.1605334036  0.2957990535  0.0379213728 -0.5611998341  0.4038510723  0.1869447169 -0.3430007108 -0.3060775065
 0.5479709152  0.8739464296  0.9634273480  0.8871597912  0.7444772180  0.9584354471  1.0000000000  0.3216117422 -0.1453156593 -0.1184428199  0.8301815072 -0.0635488668  0.3715400661  0.8658147342  0.2223901247  0.4947014752 -0.4776469419 -0.6092746162 -0.2839242893 -0.3866843768 -0.5758502254 -0.0679177929 -0.4935363605 -0.5845110105 -0.2511316982  0.0197040878  0.2752120194 -0.6028874605 -0.3282764801 -0.0906661411 -0.3359553313  0.1406832708 -0.3290392904  0.1205672510 -0.0156349632  0.3782099873  0.1167481331 -0.5900753109  0.3466601116  0.1967296703 -0.3451139393 -0.3799138215
-0.0654620962  0.3102270991  0.2829373331  0.4245051770  0.0749726215  0.2392735838  0.3216117422  1.0000000000  0.0790565396  0.2568793522  0.2098878415  0.0805684213 -0.1318198589  0.1792693747 -0.0920131141  0.2078853527 -0.1085652071  0.0852181033 -0.2280431102  0.3020090092  0.3777902879  0.3484116763 -0.0658510409  0.0491426225 -0.0642370732  0.0420473031  0.3933201988 -0.0019891488  0.0547856256  0.1187657760 -0.1640496306 -0.0280678797  0.2485893853 -0.0015523631  0.1777834177  0.2545910230 -0.1265347646  0.1726817035 -0.1606499373  0.2450450094 -0.1172752305 -0.1884623836
-0.5100457637 -0.1956423241 -0.2484143476  0.1646336795 -0.3583925812 -0.2294871690 -0.1453156593  0.0790565396  1.0000000000  0.5588830960  0.1280598351  0.7555879117  0.2481723866  0.1649934508  0.6549514628 -0.2109587277  0.2251507204 -0.1405400737 -0.3885405038 -0.1154529405  0.3492777825 -0.3006768915  0.7514635061  0.5643318536  0.7233400274 -0.0259083640  0.5206000521  0.2896530753  0.5802148434  0.5936366103  0.3019224779  0.5763469830 -0.1731391406  0.5498292686  0.2344112474 -0.0132831779  0.4038920831  0.1534173775  0.3351734412  0.3000679017  0.2917178687 -0.3396224722
-0.4515108466 -0.0917252600 -0.1944194796  0.1498418388 -0.3695243640 -0.1778253492 -0.1184428199  0.2568793522  0.5588830960  1.0000000000  0.1403047806  0.6475391654  0.3301105087  0.0231651109  0.3860805266  0.2722201615 -0.1064812331 -0.1952894235 -0.0222449542 -0.3162512806  0.2814053161 -0.2816675763  0.5060145637  0.6053218542  0.5656865472 -0.0612326372  0.6857090276  0.6211885886  0.6974280872  0.6254456505  0.4960478924  0.4480266900  0.1349413994  0.3225069180  0.0612598414 -0.0951786167  0.2673352437  0.6010429756  0.2325307694  0.7531564614  0.5449037027  0.0960067032
 0.4738716908  0.8771469492  0.7612580081  0.7938342218  0.6561816906  0.8571949886  0.8301815072  0.2098878415  0.1280598351  0.1403047806  1.0000000000  0.3440094810  0.6372433981  0.7755013971  0.3981484956  0.6086860023 -0.6282108730 -0.8425167635 -0.2326616440 -0.6080502605 -0.5736997219 -0.2650485733 -0.1068806484 -0.2835632710  0.0620070931  0.0150350710  0.4115956450 -0.2490928141  0.0278289700  0.2143697172 -0.0192982391  0.2888528624 -0.3764729187  0.1499486375 -0.1642708122  0.1339301047  0.0987096496 -0.3407993456  0.5674389730  0.4410934160 -0.1732317532 -0.3341807209
-0.3856972239  0.0357410143 -0.1603212635  0.1860664575 -0.2512239777 -0.0873963546 -0.0635488668  0.0805684213  0.7555879117  0.6475391654  0.3440094810  1.0000000000  0.5575966236  0.1666220640  0.5622504926  0.0974128975 -0.0814921515 -0.3651754546 -0.1396457509 -0.2825613678  0.1367828011 -0.4880737472  0.6537490589  0.4824902137  0.7560124255 -0.0287203419  0.5976966567  0.4689916872  0.6162778134  0.5575718844  0.3999597908  0.4532113919 -0.1966487214  0.3245627597 -0.1357357184 -0.2133121245  0.2177045250  0.2656272164  0.3809487660  0.4863614387  0.3451472197 -0.1386965119
 0.2149457078  0.4844433345  0.3372399898  0.3991566167  0.3408410202  0.3880075582  0.3715400661 -0.1318198589  0.2481723866  0.3301105087  0.6372433981  0.5575966236  1.0000000000  0.5011936547  0.4965176423  0.2966364601 -0.2861193754 -0.6099646026 -0.2030086905 -0.5529225786 -0.5285717619 -0.5367921360 -0.0138289226 -0.0884250600  0.4650312440  0.0152731263  0.4557766539  0.0524120041  0.2850880222  0.5169317273  0.1938325699  0.3747379711 -0.6421303535  0.3421497707 -0.1831361402  0.0806918332  0.1820933410 -0.0304938962  0.7141550569  0.2911064447 -0.0505222577 -0.3773204820
 0.3002206416  0.7337703274  0.7889797065  0.8848664804  0.5485476005  0.7719065586  0.8658147342  0.1792693747  0.1649934508  0.0231651109  0.7755013971  0.1666220640  0.5011936547  1.0000000000  0.6069479157  0.2359685178 -0.2051902345 -0.5966530412 -0.5145365305 -0.2984478092 -0.4664393583 -0.1955876171 -0.2337644283 -0.3802266146  0.0690943485  0.0050737544  0.4434739428 -0.5151961014 -0.1344156893  0.1156066197 -0.2500562713  0.4759867975 -0.4951448226  0.4815918653  0.1130298331  0.3932400004  0.3990194691 -0.6155493416  0.5097090937  0.1833399585 -0.2001830872 -0.5392974710
-0.2586215652  0.1891221176  0.0948484307  0.4288781657 -0.0541574926  0.1161196226  0.2223901247 -0.0920131141  0.6549514628  0.3860805266  0.3981484956  0.5622504926  0.4965176423  0.6069479157  1.0000000000 -0.0652684763  0.1419217984 -0.3961592136 -0.5376586129 -0.2454306658 -0.1269131977 -0.3630726507  0.4355287318  0.2389468201  0.5980714027 -0.0546324723  0.5745681620  0.0784691011  0.4920934525  0.6061541596  0.2648522252  0.7403191543 -0.4103741787  0.7924066522  0.2924705182  0.0335011293  0.5282404646 -0.1573186810  0.5635751591  0.2510973301  0.1804156193 -0.4705462457
 0.3603399639  0.6164720036  0.4567723031  0.3721282661  0.4336637584  0.5584695343  0.4947014752  0.2078853527 -0.2109587277  0.2722201615  0.6086860023  0.0974128975  0.2966364601  0.2359685178 -0.0652684763  1.0000000000 -0.8516122222 -0.5812662989  0.3950165113 -0.6619277334 -0.4815026826 -0.2205731669 -0.1652016200 -0.1711802209 -0.2790627155 -0.0439977797  0.2773716642  0.2375691766  0.1562683417  0.0676686884  0.2350714678 -0.1558832636  0.1503746337 -0.3245626213 -0.2961907075 -0.2745869524 -0.3022267788  0.1490693374  0.1408093612  0.6599072586  0.0596146219  0.3259663417
-0.5525399690 -0.6589230236 -0.4742459310 -0.3204896168 -0.5292859366 -0.6014020482 -0.4776469419 -0.1085652071  0.2251507204 -0.1064812331 -0.6282108730 -0.0814921515 -0.2861193754 -0.2051902345  0.1419217984 -0.8516122222  1.0000000000  0.6369220540 -0.3759757378  0.6741137688  0.5442741831  0.2420352014  0.1206274152  0.2034115377  0.3027084738  0.0369249563 -0.0018403485 -0.0962392534  0.0450586925  0.0962018943 -0.1884659393  0.2291589371 -0.1298068010  0.4576086579  0.4389911609  0.2929325373  0.3828475949 -0.0399000046 -0.0924439474 -0.4344252691  0.0428646451 -0.2752359719
-0.4373947077 -0.6924672264 -0.5548678124 -0.5154995622 -0.5241694057 -0.6811446780 -0.6092746162  0.0852181033 -0.1405400737 -0.1952894235 -0.8425167635 -0.3651754546 -0.6099646026 -0.5966530412 -0.3961592136 -0.5812662989  0.6369220540  1.0000000000  0.0925940128  0.7383515744  0.5891678497  0.4119139048 -0.0080695017  0.1364474386 -0.1483693566  0.0156349174 -0.2818640985  0.1169431366 -0.0435024216 -0.2265483771 -0.1502435001 -0.3550706655  0.3845000378 -0.1492393996  0.2703286681  0.0509876843 -0.1697117288  0.2926075454 -0.5923564494 -0.4178901001  0.0003527896  0.1677680084
-0.1049399122 -0.2300144796 -0.2804446244 -0.3717644810 -0.2107124112 -0.2276341870 -0.2839242893 -0.2280431102 -0.3885405038 -0.0222449542 -0.2326616440 -0.1396457509 -0.2030086905 -0.5145365305 -0.5376586129  0.3950165113 -0.3759757378  0.0925940128  1.0000000000 -0.1667427612 -0.0604478797 -0.2069989243 -0.0439313301  0.0065434477 -0.3480654113 -0.0402338528 -0.2258796796  0.4045004240  0.0255065671 -0.2911876808  0.2925453450 -0.7069887352  0.4992586625 -0.7028021434 -0.4605921896 -0.6582391682 -0.5586077257  0.3186738520 -0.4961269228  0.1363947978 -0.0180063110  0.8245728574
-0.3524709061 -0.4224197532 -0.3684199958 -0.3070134575 -0.3878153445 -0.4707264835 -0.3866843768  0.3020090092 -0.1154529405 -0.3162512806 -0.6080502605 -0.2825613678 -0.5529225786 -0.2984478092 -0.2454306658 -0.6619277334  0.6741137688  0.7383515744 -0.1667427612  1.0000000000  0.6503173908  0.5081861652 -0.0561157868  0.0631079861 -0.0976215543  0.0748047299 -0.2068827324 -0.0946830060 -0.2126025493 -0.2696663354 -0.3516606078 -0.2219000701  0.2016691649 -0.0014456728  0.2754447901  0.1717138693 -0.0409703472 -0.0007825971 -0.4689622749 -0.5677658795 -0.1290353538 -0.0905932686
-0.7152931901 -0.6532645081 -0.6256839192 -0.2930134640 -0.7771986310 -0.6771369446 -0.5758502254  0.3777902879  0.3492777825  0.2814053161 -0.5736997219  0.1367828011 -0.5285717619 -0.4664393583 -0.1269131977 -0.4815026826  0.5442741831  0.5891678497 -0.0604478797  0.6503173908  1.0000000000  0.4284360835  0.4779584190  0.6757060212  0.3132096018  0.0299004023  0.1071769420  0.3299512126  0.2132813644  0.1044301678  0.1228743100  0.0309610722  0.5310619539  0.1338190149  0.3900199855  0.0779606728  0.1038114446  0.4169741711 -0.4711287066 -0.0227684564  0.3230292047  0.0929908356
 0.0078153243 -0.1288059198 -0.0742865080 -0.0845209812 -0.1065447879 -0.0870663586 -0.0679177929  0.3484116763 -0.3006768915 -0.2816675763 -0.2650485733 -0.4880737472 -0.5367921360 -0.1955876171 -0.3630726507 -0.2205731669  0.2420352014  0.4119139048 -0.2069989243  0.5081861652  0.4284360835  1.0000000000 -0.1557486700  0.1007078621 -0.2027442748  0.1091123080 -0.2580725048 -0.1768633649 -0.2340393072 -0.1617811929 -0.0834470132 -0.1258422615  0.3844962725  0.0267154652  0.5342972109  0.4682223979 -0.1090500972  0.0570103987 -0.3507398016 -0.2302152445  0.0139362906 -0.0803790270
-0.5838313246 -0.3950472895 -0.5878775808 -0.1999986511 -0.5949397445 -0.4973694214 -0.4935363605 -0.0658510409  0.7514635061  0.5060145637 -0.1068806484  0.6537490589 -0.0138289226 -0.2337644283  0.4355287318 -0.1652016200  0.1206274152 -0.0080695017 -0.0439313301 -0.0561157868  0.4779584190 -0.1557486700  1.0000000000  0.8322194425  0.6490848571 -0.0375841013  0.2420428527  0.6001466832  0.6698766291  0.4812746309  0.6061294356  0.3465953108  0.2409483098  0.2858211860  0.1277700219 -0.3607242308  0.1072731530  0.4435704598  0.0063721283  0.2925409286  0.4540577943  0.0850167908
-0.6955287444 -0.5287918672 -0.6868524589 -0.2616770512 -0.7440012475 -0.6192401356 -0.5845110105  0.0491426225  0.5643318536  0.6053218542 -0.2835632710  0.4824902137 -0.0884250600 -0.3802266146  0.2389468201 -0.1711802209  0.2034115377  0.1364474386  0.0065434477  0.0631079861  0.6757060212  0.1007078621  0.8322194425  1.0000000000  0.6695358572  0.0099559770  0.2177597383  0.6606776216  0.6329290467  0.5447274050  0.7145985045  0.2858469059  0.4536054684  0.3114538876  0.3246182656 -0.1997728235  0.1117981214  0.6433156368 -0.1599275625  0.3070698930  0.5732799034  0.1557145082
-0.5546779534 -0.2407006024 -0.3554559238  0.0492110807 -0.4742663625 -0.3088447192 -0.2511316982 -0.0642370732  0.7233400274  0.5656865472  0.0620070931  0.7560124255  0.4650312440  0.0690943485  0.5980714027 -0.2790627155  0.3027084738 -0.1483693566 -0.3480654113 -0.0976215543  0.3132096018 -0.2027442748  0.6490848571  0.6695358572  1.0000000000  0.0245718150  0.4986522223  0.3465110932  0.6100115144  0.7342609514  0.5261242861  0.5973772089 -0.1847214521  0.6654986370  0.2483100741  0.0628887018  0.4576852925  0.2530718104  0.3837673468  0.2010157501  0.3798471544 -0.3024130934
 0.0210712272  0.0478485974  0.0314600860  0.0147296278  0.0570533469  0.0308862840  0.0197040878  0.0420473031 -0.0259083640 -0.0612326372  0.0150350710 -0.0287203419  0.0152731263  0.0050737544 -0.0546324723 -0.0439977797  0.0369249563  0.0156349174 -0.0402338528  0.0748047299  0.0299004023  0.1091123080 -0.0375841013  0.0099559770  0.0245718150  1.0000000000 -0.0388753830 -0.0713969624 -0.0344969014 -0.0132007410 -0.0101804579 -0.0405874087 -0.0193681886  0.0055308390  0.0270005120  0.0742061652 -0.0253934201 -0.0355006361 -0.0071236820 -0.0749207893 -0.0636490884 -0.0660999816
-0.3994688448  0.2193899058  0.1483760352  0.5237437595 -0.1328394751  0.1417670926  0.2752120194  0.3933201988  0.5206000521  0.6857090276  0.4115956450  0.5976966567  0.4557766539  0.4434739428  0.5745681620  0.2773716642 -0.0018403485 -0.2818640985 -0.2258796796 -0.2068827324  0.1071769420 -0.2580725048  0.2420428527  0.2177597383  0.4986522223 -0.0388753830  1.0000000000  0.2894651989  0.5291102369  0.5912601054  0.1926548908  0.5205742882 -0.1535695967  0.5589161027  0.2311035208  0.1204713940  0.4377517109  0.1429973823  0.4339113644  0.6466004289  0.2005729509 -0.1968977498
-0.4977868681 -0.3688691512 -0.6621891761 -0.4474414937 -0.5433016875 -0.5802488236 -0.6028874605 -0.0019891488  0.2896530753  0.6211885886 -0.2490928141  0.4689916872  0.0524120041 -0.5151961014  0.0784691011  0.2375691766 -0.0962392534  0.1169431366  0.4045004240 -0.0946830060  0.3299512126 -0.1768633649  0.6001466832  0.6606776216  0.3465110932 -0.0713969624  0.2894651989  1.0000000000  0.7467522776  0.4424600478  0.6776319808  0.0175743549  0.3968353604 -0.0748390951 -0.1070250000 -0.5555544130 -0.2082447072  0.8445613284 -0.0704343909  0.4936070777  0.5585669377  0.4848003554
-0.5242725451 -0.2014004209 -0.4248992421 -0.0890066036 -0.4316461428 -0.3526171727 -0.3282764801  0.0547856256  0.5802148434  0.6974280872  0.0278289700  0.6162778134  0.2850880222 -0.1344156893  0.4920934525  0.1562683417  0.0450586925 -0.0435024216  0.0255065671 -0.2126025493  0.2132813644 -0.2340393072  0.6698766291  0.6329290467  0.6100115144 -0.0344969014  0.5291102369  0.7467522776  1.0000000000  0.8062308402  0.6840751334  0.3514326124  0.0927767740  0.3230318924  0.1040552572 -0.3608674050  0.0772988620  0.6154288357  0.2511920636  0.5229474556  0.4163739718  0.1029785326
-0.3808954336 -0.0352447278 -0.2021737943  0.1508401449 -0.2651104420 -0.1433798589 -0.0906661411  0.1187657760  0.5936366103  0.6254456505  0.2143697172  0.5575718844  0.5169317273  0.1156066197  0.6061541596  0.0676686884  0.0962018943 -0.2265483771 -0.2911876808 -0.2696663354  0.1044301678 -0.1617811929  0.4812746309  0.5447274050  0.7342609514 -0.0132007410  0.5912601054  0.4424600478  0.8062308402  1.0000000000  0.6022388035  0.5222995354 -0.1851846077  0.6185264466  0.3346468966 -0.0216718929  0.2602860967  0.4249452470  0.4632704440  0.3966324952  0.1833250063 -0.3180583838
-0.4281897663 -0.2350007304 -0.4509398100 -0.1599439693 -0.4670048222 -0.3324655996 -0.3359553313 -0.1640496306  0.3019224779  0.4960478924 -0.0192982391  0.3999597908  0.1938325699 -0.2500562713  0.2648522252  0.2350714678 -0.1884659393 -0.1502435001  0.2925453450 -0.3516606078  0.1228743100 -0.0834470132  0.6061294356  0.7145985045  0.5261242861 -0.0101804579  0.1926548908  0.6776319808  0.6840751334  0.6022388035  1.0000000000  0.1011515634  0.3661814902  0.1772980029  0.1370600190 -0.4209047069 -0.1056254575  0.5657834238 -0.0340185519  0.3655137623  0.4290365394  0.3037680053
-0.1268353527  0.1148931710  0.0952936814  0.2968348353 -0.0215603168  0.0919793981  0.1406832708 -0.0280678797  0.5763469830  0.4480266900  0.2888528624  0.4532113919  0.3747379711  0.4759867975  0.7403191543 -0.1558832636  0.2291589371 -0.3550706655 -0.7069887352 -0.2219000701  0.0309610722 -0.1258422615  0.3465953108  0.2858469059  0.5973772089 -0.0405874087  0.5205742882  0.0175743549  0.3514326124  0.5222995354  0.1011515634  1.0000000000 -0.3816995055  0.8044386205  0.2981038763  0.3876619626  0.7754397667 -0.1051590543  0.6808463982  0.3555568958  0.4216395075 -0.4508196303
-0.3523752581 -0.3532953502 -0.3669740445 -0.2302924711 -0.4793000613 -0.3497794003 -0.3290392904  0.2485893853 -0.1731391406  0.1349413994 -0.3764729187 -0.1966487214 -0.6421303535 -0.4951448226 -0.4103741787  0.1503746337 -0.1298068010  0.3845000378  0.4992586625  0.2016691649  0.5310619539  0.3844962725  0.2409483098  0.4536054684 -0.1847214521 -0.0193681886 -0.1535695967  0.3968353604  0.0927767740 -0.1851846077  0.3661814902 -0.3816995055  1.0000000000 -0.3666274530  0.1150721832 -0.2806913287 -0.3058960311  0.4678867946 -0.7144471931  0.2027742345  0.3050254134  0.6330787808
-0.3489327709 -0.0160464300  0.0143720592  0.3554340833 -0.2022194801 -0.0216968199  0.1205672510 -0.0015523631  0.5498292686  0.3225069180  0.1499486375  0.3245627597  0.3421497707  0.4815918653  0.7924066522 -0.3245626213  0.4576086579 -0.1492393996 -0.7028021434 -0.0014456728  0.1338190149  0.0267154652  0.2858211860  0.3114538876  0.6654986370  0.0055308390  0.5589161027 -0.0748390951  0.3230318924  0.6185264466  0.1772980029  0.8044386205 -0.3666274530  1.0000000000  0.6474711951  0.4558988239  0.6988842809 -0.1398159439  0.4968998729  0.0840148148  0.1695621827 -0.6025544502
-0.3831880448 -0.2183906817 -0.1080694086  0.2046271597 -0.3352626188 -0.1605334036 -0.0156349632  0.1777834177  0.2344112474  0.0612598414 -0.1642708122 -0.1357357184 -0.1831361402  0.1130298331  0.2924705182 -0.2961907075  0.4389911609  0.2703286681 -0.4605921896  0.2754447901  0.3900199855  0.5342972109  0.1277700219  0.3246182656  0.2483100741  0.0270005120  0.2311035208 -0.1070250000  0.1040552572  0.3346468966  0.1370600190  0.2981038763  0.1150721832  0.6474711951  1.0000000000  0.4449961163  0.2927387559  0.0253660900 -0.0559462004 -0.0826736894  0.0250218386 -0.4359141701
 0.2032397427  0.1828377214  0.4033486949  0.3882126108  0.2409739039  0.2957990535  0.3782099873  0.2545910230 -0.0132831779 -0.0951786167  0.1339301047 -0.2133121245  0.0806918332  0.3932400004  0.0335011293 -0.2745869524  0.2929325373  0.0509876843 -0.6582391682  0.1717138693  0.0779606728  0.4682223979 -0.3607242308 -0.1997728235  0.0628887018  0.0742061652  0.1204713940 -0.5555544130 -0.3608674050 -0.0216718929 -0.4209047069  0.3876619626 -0.2806913287  0.4558988239  0.4449961163  1.0000000000  0.4692904172 -0.3199942117  0.2652207749 -0.1334923789 -0.0336457620 -0.5838057293
-0.2084835616 -0.0398865206  0.0910456615  0.2538341247 -0.1018823799  0.0379213728  0.1167481331 -0.1265347646  0.4038920831  0.2673352437  0.0987096496  0.2177045250  0.1820933410  0.3990194691  0.5282404646 -0.3022267788  0.3828475949 -0.1697117288 -0.5586077257 -0.0409703472  0.1038114446 -0.1090500972  0.1072731530  0.1117981214  0.4576852925 -0.0253934201  0.4377517109 -0.2082447072  0.0772988620  0.2602860967 -0.1056254575  0.7754397667 -0.3058960311  0.6988842809  0.2927387559  0.4692904172  1.0000000000 -0.3249514459  0.5249650434  0.1676161736  0.3285201099 -0.3151160949
-0.3997998558 -0.4175518768 -0.5995283080 -0.4517821032 -0.5049998627 -0.5611998341 -0.5900753109  0.1726817035  0.1534173775  0.6010429756 -0.3407993456  0.2656272164 -0.0304938962 -0.6155493416 -0.1573186810  0.1490693374 -0.0399000046  0.2926075454  0.3186738520 -0.0007825971  0.4169741711  0.0570103987  0.4435704598  0.6433156368  0.2530718104 -0.0355006361  0.1429973823  0.8445613284  0.6154288357  0.4249452470  0.5657834238 -0.1051590543  0.4678867946 -0.1398159439  0.0253660900 -0.3199942117 -0.3249514459  1.0000000000 -0.1878273724  0.3969518221  0.4262717823  0.3722084972
 0.3023927489  0.4467663316  0.3583447039  0.2917142516  0.4363342726  0.4038510723  0.3466601116 -0.1606499373  0.3351734412  0.2325307694  0.5674389730  0.3809487660  0.7141550569  0.5097090937  0.5635751591  0.1408093612 -0.0924439474 -0.5923564494 -0.4961269228 -0.4689622749 -0.4711287066 -0.3507398016  0.0063721283 -0.1599275625  0.3837673468 -0.0071236820  0.4339113644 -0.0704343909  0.2511920636  0.4632704440 -0.0340185519  0.6808463982 -0.7144471931  0.4968998729 -0.0559462004  0.2652207749  0.5249650434 -0.1878273724  1.0000000000  0.2680637326  0.0796494322 -0.4813953034
-0.1414226898  0.2321782840  0.1184980738  0.3274887009 -0.0218766008  0.1869447169  0.1967296703  0.2450450094  0.3000679017  0.7531564614  0.4410934160  0.4863614387  0.2911064447  0.1833399585  0.2510973301  0.6599072586 -0.4344252691 -0.4178901001  0.1363947978 -0.5677658795 -0.0227684564 -0.2302152445  0.2925409286  0.3070698930  0.2010157501 -0.0749207893  0.6466004289  0.4936070777  0.5229474556  0.3966324952  0.3655137623  0.3555568958  0.2027742345  0.0840148148 -0.0826736894 -0.1334923789  0.1676161736  0.3969518221  0.2680637326  1.0000000000  0.4708448411  0.2682092684
-0.3514686666 -0.2970541597 -0.3888068770 -0.2390926097 -0.4105260013 -0.3430007108 -0.3451139393 -0.1172752305  0.2917178687  0.5449037027 -0.1732317532  0.3451472197 -0.0505222577 -0.2001830872  0.1804156193  0.0596146219  0.0428646451  0.0003527896 -0.0180063110 -0.1290353538  0.3230292047  0.0139362906  0.4540577943  0.5732799034  0.3798471544 -0.0636490884  0.2005729509  0.5585669377  0.4163739718  0.1833250063  0.4290365394  0.4216395075  0.3050254134  0.1695621827  0.0250218386 -0.0336457620  0.3285201099  0.4262717823  0.0796494322  0.4708448411  1.0000000000  0.3185600249
-0.1525882137 -0.2909671504 -0.3661900250 -0.4628338925 -0.2998812514 -0.3060775065 -0.3799138215 -0.1884623836 -0.3396224722  0.0960067032 -0.3341807209 -0.1386965119 -0.3773204820 -0.5392974710 -0.4705462457  0.3259663417 -0.2752359719  0.1677680084  0.8245728574 -0.0905932686  0.0929908356 -0.0803790270  0.0850167908  0.1557145082 -0.3024130934 -0.0660999816 -0.1968977498  0.4848003554  0.1029785326 -0.3180583838  0.3037680053 -0.4508196303  0.6330787808 -0.6025544502 -0.4359141701 -0.5838057293 -0.3151160949  0.3722084972 -0.4813953034  0.2682092684  0.3185600249  1.0000000000
